15 1 1 5971.70 3165.04 -0.351 -0.046  0.100  0.037  0.238  0.125  0.010   4.15
15 1 1 5911.55 3161.67 -0.342  0.079  0.107 -0.034  0.252  0.125  0.010   3.91
15 1 1 5991.60 3174.75  0.784 -0.050  0.229 -0.189  0.533  0.125  0.010   1.85
23 1 1 5971.70 3165.04 -1.724  0.020  0.048  0.159  0.104  0.142  0.010   9.52
15 1 1 5946.99 3213.84  0.029  0.083  0.139 -0.348  0.274  0.125  0.010   3.61
 7 1 1 5971.70 3165.04 -0.244 -0.073  0.105 -0.272  0.200  0.125  0.010   4.92
23 1 1 5911.55 3161.67 -1.694  0.001  0.048  0.210  0.107  0.143  0.010   9.21
15 1 1 5980.28 3193.22  0.362 -0.173  0.155 -0.223  0.319  0.125  0.010   3.09
23 1 1 5991.60 3174.75 -1.118 -0.034  0.066 -0.221  0.120  0.142  0.010   8.21
 7 1 1 5911.55 3161.67 -0.366  0.010  0.102  0.242  0.289  0.125  0.010   3.41
 7 1 1 5991.60 3174.75  0.749 -0.101  0.216 -0.128  0.519  0.125  0.010   1.90
15 1 1 5903.03 3141.01  0.698  0.042  0.231 -0.530  0.419  0.126  0.010   2.35
 7 1 1 5946.99 3213.84  0.055  0.022  0.136  0.668  0.612  0.125  0.010   1.61
11 1 1 5971.70 3165.04 -0.294 -0.121  0.100 -0.302  0.180  0.125  0.010   5.49
23 1 1 5946.99 3213.84 -1.023  0.011  0.072  0.852  0.324  0.142  0.010   3.04
 7 1 1 5980.28 3193.22  0.307 -0.112  0.154 -0.101  0.354  0.125  0.010   2.79
23 1 1 5980.28 3193.22 -1.008  0.027  0.072 -0.153  0.145  0.142  0.010   6.82
11 1 1 5911.55 3161.67 -0.266 -0.043  0.107 -0.514  0.169  0.125  0.010   5.82
23 1 1 5903.03 3141.01 -0.644 -0.043  0.090 -0.368  0.160  0.143  0.010   6.16
 7 1 1 5903.03 3141.01  0.672 -0.088  0.205  0.022  0.553  0.126  0.010   1.78
11 1 1 5946.99 3213.84  0.166 -0.019  0.145 -0.308  0.290  0.125  0.010   3.40
 7 1 1 5916.42 3196.63  0.880 -0.027  0.253 -0.460  0.482  0.125  0.010   2.05
 7 1 1 6018.07 3199.68  0.670  0.045  0.220  0.743  1.167  0.124  0.010   0.85
23 1 1 5916.42 3196.63 -0.680 -0.011  0.089  0.474  0.308  0.142  0.010   3.19
23 1 1 6018.07 3199.68 -0.540  0.097  0.102  1.203  0.734  0.141  0.010   1.34
11 1 1 5980.28 3193.22  0.417 -0.142  0.164 -0.499  0.280  0.125  0.010   3.52
15 1 1 6018.07 3199.68  0.695  0.031  0.225  0.699  1.127  0.124  0.010   0.87
11 1 1 5916.42 3196.63  0.972 -0.103  0.256 -0.618  0.434  0.125  0.010   2.27
 3 1 1 5971.70 3165.04 -0.364 -0.026  0.099  0.766  0.441  0.125  0.010   2.23
11 1 1 6018.07 3199.68  0.894 -0.028  0.252  0.314  0.914  0.124  0.010   1.08
 3 1 1 5911.55 3161.67 -0.244  0.010  0.111  0.103  0.288  0.126  0.010   3.42
 3 1 1 5991.60 3174.75  1.002  0.127  0.303 -0.145  0.787  0.125  0.010   1.25
19 1 1 5971.70 3165.04 -1.761 -0.007  0.046 -0.055  0.084  0.142  0.010  11.71
 3 1 1 5946.99 3213.84  0.017 -0.040  0.130  0.324  0.419  0.125  0.010   2.36
19 1 1 5911.55 3161.67 -1.619  0.002  0.050 -0.015  0.096  0.143  0.010  10.26
 3 1 1 5980.28 3193.22  0.420 -0.100  0.166 -0.601  0.271  0.125  0.010   3.63
19 1 1 5991.60 3174.75 -1.146 -0.004  0.066  0.119  0.155  0.142  0.010   6.34
 3 1 1 5903.03 3141.01  0.707 -0.220  0.199 -0.928  0.258  0.126  0.010   3.83
27 1 1 5971.70 3165.04 -1.735  0.021  0.047 -0.073  0.086  0.142  0.010  11.43
 3 1 1 5916.42 3196.63  0.746 -0.173  0.212 -0.448  0.380  0.125  0.010   2.59
27 1 1 5911.55 3161.67 -1.598 -0.007  0.050  0.081  0.103  0.142  0.010   9.54
31 1 1 5971.70 3165.04 -1.720  0.007  0.047  0.240  0.110  0.142  0.010   9.00
27 1 1 5991.60 3174.75 -1.092  0.038  0.069  0.014  0.154  0.142  0.010   6.40
31 1 1 5911.55 3161.67 -1.626  0.015  0.050  0.021  0.099  0.142  0.010   9.91
27 1 1 5946.99 3213.84 -1.088  0.022  0.068  0.596  0.244  0.142  0.010   4.03
27 1 1 5980.28 3193.22 -0.944 -0.008  0.074 -0.200  0.142  0.142  0.010   6.94
27 1 1 5903.03 3141.01 -0.706 -0.054  0.086 -0.087  0.184  0.143  0.010   5.35
19 1 1 5946.99 3213.84 -1.064  0.041  0.071  0.495  0.236  0.142  0.010   4.19
27 1 1 5916.42 3196.63 -0.612 -0.067  0.090 -0.245  0.173  0.142  0.010   5.69
19 1 1 5980.28 3193.22 -0.950 -0.005  0.074 -0.273  0.135  0.142  0.010   7.29
27 1 1 6018.07 3199.68 -0.492 -0.026  0.100  1.429  0.832  0.141  0.010   1.19
19 1 1 5903.03 3141.01 -0.674  0.002  0.090  0.475  0.317  0.143  0.010   3.11
19 1 1 5916.42 3196.63 -0.633 -0.026  0.092 -0.357  0.164  0.142  0.010   6.01
31 1 1 5991.60 3174.75 -1.093  0.030  0.069  0.435  0.217  0.141  0.010   4.54
19 1 1 6018.07 3199.68 -0.556  0.028  0.098  0.458  0.353  0.141  0.010   2.79
31 1 1 5946.99 3213.84 -1.097  0.046  0.069  0.530  0.238  0.141  0.010   4.14
31 1 1 5980.28 3193.22 -0.990 -0.042  0.071 -0.406  0.116  0.141  0.010   8.49
31 1 1 5903.03 3141.01 -0.735  0.022  0.088  0.220  0.248  0.143  0.010   3.97
31 1 1 5916.42 3196.63 -0.547 -0.076  0.095 -0.733  0.131  0.142  0.010   7.54
31 1 1 6018.07 3199.68 -0.469 -0.054  0.102 -0.289  0.194  0.141  0.010   5.09
