15 1 1 6040.75 3903.50  438.008 1604.625  438.131 1604.610
15 1 1 6097.53 3905.83  495.535 1607.119  495.447 1607.172
15 1 1 6109.07 3891.12  507.248 1592.265  507.145 1592.222
15 1 1 6068.53 3971.70  466.070 1673.663  466.186 1673.782
15 1 1 6117.55 4033.45  515.697 1736.253  515.711 1736.243
15 1 1 5987.34 3918.04  383.876 1619.183  383.917 1619.252
19 1 1 6040.75 3903.50  420.318 1594.430  420.412 1594.448
15 1 1 6073.81 3952.43  471.444 1654.191  471.571 1654.193
23 1 1 6040.75 3903.50  424.227 1608.378  424.371 1608.405
15 1 1 6001.40 3975.33  398.029 1677.152  398.081 1677.182
23 1 1 6097.53 3905.83  481.752 1610.870  481.774 1610.938
15 1 1 6100.43 3995.76  498.384 1698.078  498.285 1698.078
23 1 1 6080.43 3963.58  464.349 1669.234  464.401 1669.335
15 1 1 6016.38 4015.59  413.147 1717.904  413.139 1717.867
23 1 1 6068.53 3971.70  452.282 1677.414  452.355 1677.500
15 1 1 5989.64 3946.34  386.162 1647.800  386.234 1647.760
23 1 1 5987.34 3918.04  370.097 1622.936  370.103 1622.912
15 1 1 6058.43 3949.19  455.864 1650.875  455.927 1650.843
23 1 1 6045.15 3995.20  428.555 1701.115  428.535 1701.141
15 1 1 6118.40 3949.20  516.644 1651.020  516.516 1651.025
23 1 1 6001.40 3975.33  384.246 1680.902  384.287 1680.859
15 1 1 6058.54 3958.63  455.960 1660.418  456.100 1660.535
15 1 1 6031.45 4003.56  428.444 1705.782  428.414 1705.741
23 1 1 6100.43 3995.76  484.593 1701.827  484.531 1701.844
15 1 1 6088.49 4003.84  486.262 1706.223  486.217 1706.329
23 1 1 6016.38 4015.59  399.360 1721.653  399.343 1721.691
15 1 1 6032.29 4015.60  429.277 1717.968  429.195 1717.935
23 1 1 5989.64 3946.34  372.381 1651.552  372.452 1651.483
15 1 1 6037.17 4023.38  434.212 1725.849  434.168 1725.805
23 1 1 6058.43 3949.19  442.078 1654.626  442.091 1654.504
15 1 1 6107.86 4031.54  505.875 1734.297  505.895 1734.362
23 1 1 6118.40 3949.20  502.856 1654.770  502.819 1654.768
15 1 1 6108.24 3925.20  506.371 1626.731  506.325 1626.656
23 1 1 6058.54 3958.63  442.173 1664.169  442.255 1664.233
23 1 1 6031.45 4003.56  414.656 1709.531  414.679 1709.527
15 1 1 6029.69 3941.65  426.740 1643.174  426.839 1643.167
23 1 1 6088.49 4003.84  472.471 1709.971  472.474 1709.995
15 1 1 6061.63 3945.26  459.111 1646.905  459.264 1646.782
23 1 1 6032.29 4015.60  415.489 1721.716  415.383 1721.684
27 1 1 6040.75 3903.50  434.158 1590.526  434.254 1590.515
15 1 1 6029.30 3952.21  426.335 1653.845  426.201 1653.897
31 1 1 6040.75 3903.50  438.163 1604.476  438.256 1604.493
15 1 1 6087.98 4025.17  485.723 1727.801  485.895 1727.710
15 1 1 6083.06 3984.63  480.782 1686.779  480.835 1686.902
23 1 1 6037.17 4023.38  420.423 1729.597  420.346 1729.506
19 1 1 6097.53 3905.83  477.837 1596.941  477.792 1596.948
23 1 1 6107.86 4031.54  492.081 1738.044  492.084 1738.131
19 1 1 6080.43 3963.58  460.415 1655.296  460.387 1655.334
23 1 1 6108.24 3925.20  492.586 1630.483  492.392 1630.351
23 1 1 6029.69 3941.65  412.957 1646.926  412.991 1646.907
19 1 1 6068.53 3971.70  448.346 1663.470  448.408 1663.534
23 1 1 6061.63 3945.26  445.326 1650.656  445.551 1650.534
15 1 1 6085.10 3989.04  482.847 1691.243  482.890 1691.200
23 1 1 6029.30 3952.21  412.551 1657.596  412.504 1657.570
11 1 1 6040.75 3903.50  434.048 1590.670  434.168 1590.701
19 1 1 6117.55 4033.45  497.939 1726.069  498.075 1726.058
11 1 1 6097.53 3905.83  491.570 1593.181  491.467 1593.245
27 1 1 6097.53 3905.83  491.681 1593.035  491.639 1593.048
 3 1 1 6040.75 3903.50  420.212 1594.576  420.318 1594.613
19 1 1 5987.34 3918.04  366.188 1608.970  366.183 1609.015
15 1 1 6050.82 4008.53  448.064 1710.869  448.195 1710.841
 3 1 1 6097.53 3905.83  477.731 1597.091  477.726 1597.171
15 1 1 5983.79 3914.84  380.288 1615.934  380.370 1616.032
19 1 1 6071.70 4031.99  451.459 1724.457  451.641 1724.579
 3 1 1 5984.17 4004.27  362.691 1696.280  362.495 1696.315
15 1 1 6046.75 3918.34  444.058 1619.647  444.215 1619.723
 3 1 1 6068.53 3971.70  448.245 1663.618  448.325 1663.707
 7 1 1 6040.75 3903.50  424.181 1608.533  424.278 1608.573
15 1 1 6063.28 3929.99  460.800 1631.467  460.725 1631.421
19 1 1 6001.40 3975.33  380.314 1666.937  380.285 1666.943
 7 1 1 6097.53 3905.83  481.704 1611.059  481.638 1611.098
15 1 1 6047.39 3940.39  444.683 1641.944  444.797 1641.862
 3 1 1 6117.55 4033.45  497.841 1726.221  497.822 1726.250
 7 1 1 6087.98 4025.17  471.827 1731.734  471.884 1731.743
 3 1 1 5987.34 3918.04  366.082 1609.112  366.096 1609.201
 7 1 1 6068.53 3971.70  452.204 1677.586  452.308 1677.729
 3 1 1 6073.81 3952.43  453.625 1644.150  453.811 1644.183
19 1 1 6100.43 3995.76  480.645 1687.893  480.600 1687.910
15 1 1 6043.35 3960.07  440.560 1661.832  440.515 1661.844
 3 1 1 6001.40 3975.33  380.212 1667.081  380.186 1667.180
15 1 1 6004.71 3962.69  401.400 1664.380  401.470 1664.390
19 1 1 6016.38 4015.59  395.412 1707.689  395.393 1707.694
 3 1 1 6100.43 3995.76  480.545 1688.043  480.480 1688.016
15 1 1 6093.89 3971.47  491.772 1673.489  491.716 1673.727
19 1 1 5989.64 3946.34  368.461 1637.584  368.568 1637.507
 3 1 1 6016.38 4015.59  395.312 1707.836  395.283 1707.912
11 1 1 6038.17 4014.63  431.242 1703.034  431.052 1703.089
 3 1 1 5989.64 3946.34  368.357 1637.728  368.421 1637.709
11 1 1 6068.53 3971.70  462.085 1659.712  462.160 1659.804
15 1 1 5990.85 3976.54  387.334 1678.342  387.423 1678.311
 7 1 1 6117.55 4033.45  501.794 1740.202  501.778 1740.223
31 1 1 6097.53 3905.83  495.690 1606.983  495.669 1606.982
19 1 1 6058.43 3949.19  438.151 1640.681  438.140 1640.587
23 1 1 6031.52 3969.75  414.771 1675.343  414.760 1675.544
 3 1 1 6058.43 3949.19  438.048 1640.828  438.109 1640.747
27 1 1 6080.43 3963.58  474.259 1651.392  474.291 1651.444
31 1 1 6080.43 3963.58  478.270 1665.344  478.363 1665.422
23 1 1 6083.06 3984.63  466.992 1690.529  466.977 1690.592
27 1 1 6068.53 3971.70  462.189 1659.568  462.259 1659.651
11 1 1 6117.55 4033.45  511.687 1722.312  511.751 1722.311
23 1 1 6085.10 3989.04  469.057 1694.992  469.042 1694.981
27 1 1 6117.55 4033.45  511.786 1722.166  511.806 1722.192
31 1 1 6068.53 3971.70  466.200 1673.521  466.253 1673.617
11 1 1 5987.34 3918.04  379.916 1605.211  379.970 1605.309
31 1 1 6117.55 4033.45  515.805 1736.121  515.791 1736.161
27 1 1 5987.34 3918.04  380.025 1605.069  380.060 1605.091
11 1 1 6073.81 3952.43  467.465 1640.243  467.634 1640.163
27 1 1 6073.81 3952.43  467.571 1640.098  467.582 1640.226
11 1 1 6100.43 3995.76  494.388 1684.135  494.343 1684.144
27 1 1 6001.40 3975.33  394.153 1663.037  394.229 1663.017
31 1 1 5987.34 3918.04  384.026 1619.021  384.031 1619.098
27 1 1 6100.43 3995.76  494.490 1683.989  494.437 1683.973
11 1 1 6016.38 4015.59  409.152 1703.934  409.034 1704.074
27 1 1 6016.38 4015.59  409.253 1703.790  409.276 1703.817
 3 1 1 6118.40 3949.20  498.820 1640.996  498.857 1640.982
11 1 1 5989.64 3946.34  382.192 1633.826  382.319 1633.826
31 1 1 6073.81 3952.43  471.581 1654.050  471.588 1654.249
 3 1 1 6058.54 3958.63  438.140 1650.371  438.251 1650.427
11 1 1 6058.43 3949.19  451.887 1636.922  451.902 1636.837
27 1 1 5989.64 3946.34  382.299 1633.684  382.394 1633.659
31 1 1 6001.40 3975.33  398.159 1676.993  398.215 1677.005
11 1 1 6118.40 3949.20  512.663 1637.086  512.634 1637.060
 3 1 1 6031.45 4003.56  410.611 1695.720  410.486 1695.670
27 1 1 6058.43 3949.19  451.993 1636.778  452.006 1636.631
 3 1 1 6088.49 4003.84  468.422 1696.182  468.422 1696.242
27 1 1 6118.40 3949.20  512.769 1636.940  512.749 1636.901
 3 1 1 6032.29 4015.60  411.440 1707.905  411.443 1707.875
27 1 1 6058.54 3958.63  452.085 1646.321  452.163 1646.403
31 1 1 6100.43 3995.76  498.506 1697.943  498.495 1697.929
 3 1 1 6037.17 4023.38  416.371 1715.787  416.286 1715.822
31 1 1 6016.38 4015.59  413.263 1717.748  413.266 1717.708
 3 1 1 6107.86 4031.54  488.021 1724.261  488.048 1724.372
27 1 1 6031.45 4003.56  424.552 1691.673  424.519 1691.714
31 1 1 5989.64 3946.34  386.301 1647.638  386.352 1647.585
 3 1 1 6108.24 3925.20  488.558 1616.706  488.466 1616.585
31 1 1 6058.43 3949.19  456.002 1650.730  456.019 1650.627
31 1 1 6118.40 3949.20  516.783 1650.890  516.746 1650.932
 3 1 1 6061.63 3945.26  441.297 1636.860  441.415 1636.729
31 1 1 6058.54 3958.63  456.094 1660.273  456.190 1660.358
19 1 1 6118.40 3949.20  498.924 1640.845  498.915 1640.860
 3 1 1 6029.30 3952.21  408.522 1643.787  408.518 1643.779
27 1 1 6088.49 4003.84  482.366 1692.130  482.393 1692.106
11 1 1 6058.54 3958.63  451.980 1646.465  452.088 1646.517
 3 1 1 6083.06 3984.63  462.949 1676.739  462.924 1676.670
27 1 1 6032.29 4015.60  425.381 1703.858  425.321 1703.859
11 1 1 6031.45 4003.56  424.451 1691.817  424.553 1691.784
27 1 1 6037.17 4023.38  430.313 1711.740  430.240 1711.723
 3 1 1 6085.10 3989.04  465.012 1681.202  465.042 1681.174
19 1 1 6058.54 3958.63  438.243 1650.223  438.275 1650.330
15 1 1 6054.53 3976.75  451.875 1678.732  451.935 1678.696
11 1 1 6088.49 4003.84  482.265 1692.275  482.288 1692.309
15 1 1 6080.28 4000.50  477.945 1702.823  477.896 1702.622
11 1 1 6032.29 4015.60  425.281 1704.003  425.204 1703.948
15 1 1 6100.53 4006.47  498.465 1708.911  498.410 1708.917
11 1 1 6037.17 4023.38  430.213 1711.884  430.142 1711.838
15 1 1 6019.05 4025.81  415.839 1728.256  415.839 1728.263
11 1 1 6107.86 4031.54  501.867 1720.354  501.915 1720.392
15 1 1 6042.29 4025.58  439.398 1728.092  439.271 1728.193
11 1 1 6108.24 3925.20  502.398 1612.796  502.341 1612.644
15 1 1 6087.36 3895.23  485.245 1596.381  485.342 1596.544
11 1 1 6029.69 3941.65  422.769 1629.213  422.759 1629.160
15 1 1 6106.42 3913.31  504.540 1614.702  504.390 1614.608
27 1 1 6107.86 4031.54  501.965 1720.207  501.983 1720.265
15 1 1 6037.20 3914.13  434.392 1615.370  434.290 1615.275
27 1 1 6108.24 3925.20  502.507 1612.650  502.402 1612.462
15 1 1 6078.62 3921.36  476.354 1622.774  476.358 1622.804
27 1 1 6029.69 3941.65  422.875 1629.070  422.862 1629.113
11 1 1 6029.30 3952.21  422.360 1639.883  422.373 1639.890
15 1 1 6050.17 3928.44  447.512 1629.868  447.388 1629.894
11 1 1 6031.52 3969.75  424.576 1657.630  424.733 1657.892
15 1 1 6023.13 3940.49  420.101 1641.983  420.059 1641.990
23 1 1 6050.82 4008.53  434.274 1714.618  434.416 1714.570
15 1 1 6078.25 3942.72  475.958 1644.377  475.964 1644.404
11 1 1 6083.06 3984.63  476.791 1672.832  476.794 1672.972
15 1 1 6080.21 3953.38  477.925 1655.161  478.017 1655.071
11 1 1 6085.10 3989.04  478.855 1677.295  478.861 1677.278
15 1 1 6053.25 3957.11  450.599 1658.864  450.636 1658.926
31 1 1 6031.45 4003.56  428.563 1705.630  428.505 1705.638
27 1 1 6061.63 3945.26  455.242 1632.809  455.379 1632.635
31 1 1 6088.49 4003.84  486.381 1706.084  486.442 1706.143
11 1 1 6050.82 4008.53  444.068 1696.910  444.164 1696.799
31 1 1 6032.29 4015.60  429.392 1717.816  429.359 1717.793
23 1 1 5983.79 3914.84  366.510 1619.687  366.647 1619.745
11 1 1 5983.79 3914.84  376.330 1601.961  376.555 1602.026
31 1 1 6037.17 4023.38  434.325 1725.697  434.241 1725.578
23 1 1 6038.17 4014.63  421.450 1720.746  421.395 1720.624
11 1 1 6063.28 3929.99  456.830 1617.517  456.785 1617.701
31 1 1 6107.86 4031.54  505.984 1734.163  505.942 1734.224
 7 1 1 5987.34 3918.04  370.043 1623.060  370.086 1623.167
11 1 1 6047.39 3940.39  440.711 1627.989  440.943 1627.848
27 1 1 6029.30 3952.21  422.466 1639.740  422.367 1639.676
11 1 1 6043.35 3960.07  436.582 1647.874  436.515 1647.866
27 1 1 6031.52 3969.75  424.680 1657.486  424.606 1657.587
23 1 1 6063.28 3929.99  447.016 1635.219  447.020 1635.214
 7 1 1 6073.81 3952.43  457.588 1658.117  457.741 1658.152
11 1 1 6004.71 3962.69  397.424 1650.410  397.420 1650.584
 7 1 1 6001.40 3975.33  384.165 1681.035  384.227 1681.101
11 1 1 6093.89 3971.47  487.785 1659.545  487.689 1659.599
15 1 1 6031.11 3965.49  428.154 1667.286  427.974 1667.381
23 1 1 6047.39 3940.39  430.899 1645.696  430.940 1645.591
15 1 1 6111.91 3999.30  510.020 1701.688  509.753 1701.572
 7 1 1 6100.43 3995.76  484.503 1702.018  484.516 1701.984
23 1 1 6043.35 3960.07  426.775 1665.583  426.706 1665.624
27 1 1 6083.06 3984.63  476.894 1672.687  476.903 1672.684
15 1 1 6035.43 4016.84  432.457 1719.227  432.355 1719.332
23 1 1 6004.71 3962.69  387.616 1668.131  387.674 1668.286
27 1 1 6085.10 3989.04  478.957 1677.150  478.936 1677.176
 7 1 1 6016.38 4015.59  399.259 1721.796  399.104 1721.897
15 1 1 6048.07 4016.40  445.272 1718.819  445.190 1718.746
31 1 1 6108.24 3925.20  506.519 1626.599  506.417 1626.425
 3 1 1 6050.82 4008.53  430.226 1700.814  430.217 1700.863
 7 1 1 5989.64 3946.34  372.313 1651.677  372.359 1651.632
15 1 1 6111.43 4017.06  509.508 1719.651  509.491 1719.713
23 1 1 6093.89 3971.47  477.983 1677.239  477.871 1677.406
 3 1 1 5983.79 3914.84  362.496 1605.863  362.689 1605.910
27 1 1 6050.82 4008.53  444.169 1696.765  444.289 1696.744
23 1 1 5990.85 3976.54  373.551 1682.092  373.643 1682.153
15 1 1 6012.20 4033.08  408.886 1735.585  408.958 1735.434
 3 1 1 6046.75 3918.34  426.256 1609.599  426.484 1609.612
27 1 1 5983.79 3914.84  376.439 1601.819  376.529 1601.891
 3 1 1 6063.28 3929.99  442.992 1621.424  442.970 1621.361
27 1 1 6046.75 3918.34  440.201 1605.549  440.383 1605.559
 3 1 1 6043.35 3960.07  422.743 1651.778  422.607 1651.845
23 1 1 6054.53 3976.75  438.087 1682.482  438.187 1682.603
15 1 1 6093.08 3899.09  491.032 1600.295  490.942 1600.342
23 1 1 6080.28 4000.50  464.154 1706.572  464.234 1706.521
15 1 1 6115.88 3915.93  514.128 1617.375  514.173 1617.248
27 1 1 6063.28 3929.99  456.938 1617.373  456.934 1617.339
 3 1 1 6004.71 3962.69  383.586 1654.312  383.548 1654.406
27 1 1 6047.39 3940.39  440.817 1627.845  440.894 1627.665
23 1 1 6100.53 4006.47  484.673 1712.660  484.616 1712.645
31 1 1 6029.69 3941.65  426.881 1643.022  426.967 1643.137
15 1 1 6095.82 3929.79  493.778 1631.345  493.821 1631.193
27 1 1 6043.35 3960.07  436.686 1647.730  436.678 1647.842
15 1 1 5984.17 4004.27  380.517 1706.360  380.512 1706.410
27 1 1 6004.71 3962.69  397.528 1650.267  397.520 1650.240
15 1 1 6040.67 3980.38  437.820 1682.362  437.640 1682.338
31 1 1 6061.63 3945.26  459.251 1646.761  459.418 1646.626
27 1 1 6093.89 3971.47  487.889 1659.400  487.915 1659.447
 3 1 1 6093.89 3971.47  473.943 1663.453  474.014 1663.551
23 1 1 6019.05 4025.81  402.052 1732.003  402.109 1732.114
31 1 1 6029.30 3952.21  426.472 1653.693  426.425 1653.647
15 1 1 6068.20 3982.35  465.722 1684.433  465.828 1684.422
11 1 1 5990.85 3976.54  383.354 1664.366  383.248 1664.446
 7 1 1 6058.43 3949.19  442.010 1654.792  442.033 1654.674
23 1 1 6042.29 4025.58  425.608 1731.839  425.482 1731.813
31 1 1 6031.52 3969.75  428.688 1671.441  428.694 1671.532
27 1 1 5990.85 3976.54  383.458 1664.224  383.511 1664.220
31 1 1 6083.06 3984.63  480.907 1686.640  480.940 1686.638
23 1 1 6087.36 3895.23  471.463 1600.133  471.267 1600.159
27 1 1 6054.53 3976.75  447.992 1664.632  447.937 1664.682
19 1 1 6031.45 4003.56  410.711 1695.574  410.637 1695.600
31 1 1 6085.10 3989.04  482.971 1691.104  482.994 1691.078
 7 1 1 6118.40 3949.20  502.788 1654.972  502.739 1655.025
23 1 1 6068.40 3898.62  452.244 1603.511  452.239 1603.740
31 1 1 6050.82 4008.53  448.181 1710.722  448.299 1710.776
31 1 1 5983.79 3914.84  380.439 1615.772  380.531 1615.820
19 1 1 6088.49 4003.84  468.521 1696.033  468.520 1696.007
31 1 1 6081.18 4004.01  478.973 1706.238  478.927 1706.048
27 1 1 6080.28 4000.50  474.050 1688.728  474.044 1688.731
23 1 1 6106.42 3913.31  490.755 1618.454  490.595 1618.500
 3 1 1 5990.85 3976.54  369.517 1668.267  369.585 1668.275
23 1 1 6037.20 3914.13  420.610 1619.122  420.556 1619.141
19 1 1 6032.29 4015.60  411.540 1707.758  411.465 1707.772
31 1 1 6063.28 3929.99  460.946 1631.324  460.892 1631.268
 3 1 1 6054.53 3976.75  434.049 1668.682  434.269 1668.692
15 1 1 6060.82 4004.60  458.211 1706.918  458.033 1706.932
 7 1 1 6058.54 3958.63  442.101 1664.335  442.237 1664.388
 3 1 1 6080.28 4000.50  460.107 1692.780  460.270 1692.654
15 1 1 6062.07 4019.67  459.460 1722.169  459.654 1722.145
15 1 1 6077.28 4025.93  474.877 1728.538  474.841 1728.553
 7 1 1 6031.45 4003.56  414.562 1709.682  414.494 1709.809
23 1 1 6078.62 3921.36  462.570 1626.525  462.669 1626.300
 7 1 1 6088.49 4003.84  472.377 1710.156  472.325 1710.149
11 1 1 6054.53 3976.75  447.889 1664.776  447.999 1664.774
23 1 1 6050.17 3928.44  433.728 1633.620  433.616 1633.457
11 1 1 6080.28 4000.50  473.949 1688.873  473.873 1688.840
27 1 1 6100.53 4006.47  494.566 1694.822  494.484 1694.714
19 1 1 6037.17 4023.38  416.471 1715.640  416.416 1715.557
11 1 1 6100.53 4006.47  494.466 1694.968  494.390 1694.937
23 1 1 6001.67 3929.97  384.596 1635.036  384.622 1634.996
27 1 1 6019.05 4025.81  411.941 1714.141  411.977 1714.059
19 1 1 6107.86 4031.54  488.119 1724.110  488.094 1724.144
31 1 1 6047.39 3940.39  444.825 1641.797  444.941 1641.764
27 1 1 6042.29 4025.58  435.497 1713.984  435.393 1714.016
31 1 1 6043.35 3960.07  440.695 1661.683  440.620 1661.693
 7 1 1 6032.29 4015.60  415.388 1721.868  415.332 1721.805
 7 1 1 6037.17 4023.38  420.319 1729.752  420.342 1729.719
27 1 1 6087.36 3895.23  481.396 1582.295  481.368 1582.426
 3 1 1 6100.53 4006.47  480.622 1698.875  480.624 1698.770
 7 1 1 6107.86 4031.54  491.974 1738.240  492.014 1738.305
19 1 1 6108.24 3925.20  488.663 1616.556  488.577 1616.434
 7 1 1 6108.24 3925.20  492.529 1630.678  492.422 1630.491
23 1 1 6000.34 3933.36  383.242 1638.460  383.373 1638.521
19 1 1 6029.69 3941.65  409.035 1632.972  409.026 1633.063
 7 1 1 6029.69 3941.65  412.893 1647.075  412.921 1647.009
19 1 1 6061.63 3945.26  441.400 1636.713  441.562 1636.535
23 1 1 6023.13 3940.49  406.318 1645.735  406.344 1645.719
19 1 1 6029.30 3952.21  408.625 1643.642  408.593 1643.625
19 1 1 6031.52 3969.75  410.839 1661.387  410.851 1661.566
27 1 1 5984.17 4004.27  376.632 1692.237  376.515 1692.268
23 1 1 6078.25 3942.72  462.172 1648.128  462.174 1648.004
 7 1 1 6068.20 3982.35  451.849 1688.355  451.847 1688.550
11 1 1 6019.05 4025.81  411.841 1714.286  411.766 1714.216
11 1 1 6042.29 4025.58  435.397 1714.129  435.443 1714.185
 7 1 1 6029.30 3952.21  412.482 1657.745  412.507 1657.641
11 1 1 6068.40 3898.62  462.065 1585.812  462.155 1585.989
 7 1 1 5984.17 4004.27  366.637 1710.233  366.513 1710.323
19 1 1 6083.06 3984.63  463.050 1676.590  463.073 1676.635
11 1 1 6106.42 3913.31  500.571 1600.767  500.446 1600.818
27 1 1 6106.42 3913.31  500.681 1600.621  500.583 1600.424
19 1 1 6085.10 3989.04  465.113 1681.053  465.105 1681.022
 3 1 1 6019.05 4025.81  398.000 1718.187  398.009 1718.266
19 1 1 6050.82 4008.53  430.326 1700.667  430.339 1700.653
11 1 1 6037.20 3914.13  430.429 1601.413  430.642 1601.511
27 1 1 6037.20 3914.13  430.538 1601.270  430.630 1601.246
23 1 1 6080.21 3953.38  464.138 1658.911  464.212 1658.901
 3 1 1 6042.29 4025.58  421.555 1718.032  421.561 1717.909
11 1 1 6078.62 3921.36  472.385 1608.829  472.506 1608.770
23 1 1 6053.25 3957.11  436.813 1662.615  436.875 1662.609
23 1 1 6031.11 3965.49  414.369 1671.036  414.261 1670.869
27 1 1 6078.62 3921.36  472.494 1608.684  472.537 1608.589
 3 1 1 6106.42 3913.31  486.731 1604.677  486.542 1604.673
27 1 1 6050.17 3928.44  443.651 1615.770  443.588 1615.726
19 1 1 5983.79 3914.84  362.602 1605.720  362.714 1605.730
27 1 1 6001.67 3929.97  394.520 1617.172  394.604 1617.205
11 1 1 6050.17 3928.44  443.543 1615.914  443.729 1615.758
27 1 1 6000.34 3933.36  393.164 1620.596  393.165 1620.490
11 1 1 6001.67 3929.97  394.412 1617.315  394.280 1617.158
 7 1 1 6083.06 3984.63  466.908 1690.710  466.867 1690.716
23 1 1 6061.33 3999.96  444.941 1705.979  445.132 1705.922
11 1 1 6000.34 3933.36  393.057 1620.738  393.006 1620.995
23 1 1 6111.91 3999.30  496.228 1705.437  496.102 1705.405
 7 1 1 6085.10 3989.04  468.970 1695.174  468.915 1695.124
27 1 1 6023.13 3940.49  416.237 1627.878  416.151 1627.867
 7 1 1 6050.82 4008.53  434.178 1714.780  434.186 1714.768
19 1 1 6038.17 4014.63  417.501 1706.790  417.342 1706.737
 7 1 1 5983.79 3914.84  366.458 1619.809  366.655 1619.815
19 1 1 6063.28 3929.99  443.096 1621.277  443.133 1621.193
27 1 1 6078.25 3942.72  472.089 1630.286  472.194 1630.378
 7 1 1 6077.28 4025.93  460.980 1732.464  460.938 1732.480
19 1 1 6047.39 3940.39  426.976 1631.748  426.993 1631.661
27 1 1 6053.25 3957.11  446.725 1644.765  446.628 1644.655
 7 1 1 6063.28 3929.99  446.958 1635.387  446.877 1635.299
19 1 1 6043.35 3960.07  422.845 1651.632  422.882 1651.636
 7 1 1 6047.39 3940.39  430.835 1645.855  430.889 1645.789
27 1 1 6031.11 3965.49  424.279 1653.180  424.239 1653.404
 7 1 1 6043.35 3960.07  426.702 1665.740  426.697 1665.754
19 1 1 6004.71 3962.69  383.689 1654.168  383.731 1654.205
27 1 1 6061.33 3999.96  454.838 1688.130  454.676 1688.179
 7 1 1 6004.71 3962.69  387.542 1668.266  387.627 1668.296
19 1 1 6093.89 3971.47  474.045 1663.304  474.016 1663.264
27 1 1 6111.91 3999.30  506.123 1687.602  506.163 1687.589
 7 1 1 6093.89 3971.47  477.905 1677.425  477.826 1677.571
19 1 1 5990.85 3976.54  369.620 1668.123  369.647 1668.215
27 1 1 6035.43 4016.84  428.560 1705.118  428.417 1705.109
19 1 1 6054.53 3976.75  434.150 1668.534  434.210 1668.574
27 1 1 6048.07 4016.40  441.374 1704.714  441.467 1704.717
 7 1 1 5990.85 3976.54  373.469 1682.219  373.589 1682.349
27 1 1 6111.43 4017.06  505.604 1705.563  505.690 1705.530
 3 1 1 6078.62 3921.36  458.546 1612.737  458.573 1612.632
11 1 1 6023.13 3940.49  416.131 1628.020  416.100 1628.017
31 1 1 6004.71 3962.69  401.533 1664.222  401.608 1664.217
11 1 1 6078.25 3942.72  471.982 1630.431  472.053 1630.313
 3 1 1 6001.67 3929.97  380.577 1621.217  380.612 1621.036
31 1 1 6093.89 3971.47  491.903 1673.352  491.933 1673.393
11 1 1 6080.21 3953.38  473.946 1641.214  474.050 1641.218
31 1 1 5990.85 3976.54  387.463 1678.180  387.539 1678.213
27 1 1 6012.20 4033.08  404.986 1721.468  404.973 1721.436
31 1 1 6054.53 3976.75  452.003 1678.586  451.994 1678.579
 3 1 1 6078.25 3942.72  458.142 1634.338  458.108 1634.413
 7 1 1 6054.53 3976.75  438.006 1682.646  437.982 1682.728
27 1 1 6051.45 4037.21  444.759 1725.771  444.885 1725.711
 7 1 1 6080.28 4000.50  464.062 1706.751  464.135 1706.804
27 1 1 6093.08 3899.09  487.181 1586.210  487.019 1586.174
 3 1 1 6080.21 3953.38  460.105 1645.122  460.190 1645.070
27 1 1 6115.88 3915.93  510.268 1603.296  510.225 1603.136
 7 1 1 6100.53 4006.47  484.578 1712.851  484.596 1712.782
27 1 1 6081.32 3917.31  475.234 1604.599  475.210 1604.615
 7 1 1 6019.05 4025.81  401.946 1732.148  401.995 1732.174
27 1 1 6038.17 4014.63  431.343 1702.890  431.174 1702.948
 3 1 1 6053.25 3957.11  432.781 1648.815  432.701 1648.756
 3 1 1 6031.11 3965.49  410.336 1657.227  410.220 1657.141
23 1 1 6035.43 4016.84  418.668 1722.976  418.497 1722.981
11 1 1 6053.25 3957.11  446.620 1644.909  446.570 1644.821
31 1 1 6080.28 4000.50  478.065 1702.683  478.085 1702.570
27 1 1 6095.82 3929.79  489.913 1617.260  489.772 1617.316
31 1 1 6100.53 4006.47  498.583 1708.776  498.662 1708.707
27 1 1 6098.68 3965.59  492.759 1653.465  492.777 1653.435
 7 1 1 6087.36 3895.23  471.420 1600.316  471.368 1600.240
27 1 1 6005.73 3980.17  398.529 1667.941  398.755 1668.030
 7 1 1 6106.42 3913.31  490.704 1618.648  490.597 1618.642
19 1 1 6080.28 4000.50  460.207 1692.631  460.299 1692.666
 7 1 1 6078.62 3921.36  462.515 1626.703  462.498 1626.642
31 1 1 6019.05 4025.81  415.952 1728.100  415.969 1728.184
27 1 1 6040.67 3980.38  433.938 1668.258  433.905 1668.217
31 1 1 6042.29 4025.58  439.510 1727.941  439.544 1727.938
 7 1 1 6001.67 3929.97  384.537 1635.168  384.797 1635.177
11 1 1 6031.11 3965.49  424.175 1653.323  424.141 1653.199
 3 1 1 6087.98 4025.17  467.875 1717.759  467.962 1717.713
19 1 1 6100.53 4006.47  480.721 1698.725  480.677 1698.703
11 1 1 6035.43 4016.84  428.460 1705.263  428.311 1705.189
 3 1 1 6111.91 3999.30  492.178 1691.657  492.278 1691.835
 7 1 1 6000.34 3933.36  383.182 1638.592  383.133 1638.594
 7 1 1 6023.13 3940.49  406.254 1645.880  406.153 1645.905
11 1 1 6048.07 4016.40  441.274 1704.859  441.215 1704.653
 7 1 1 6080.21 3953.38  464.069 1659.090  464.152 1659.023
23 1 1 6048.07 4016.40  431.483 1722.567  431.439 1722.581
 3 1 1 6035.43 4016.84  414.619 1709.166  414.460 1709.221
23 1 1 6111.43 4017.06  495.714 1723.399  495.756 1723.379
 3 1 1 6048.07 4016.40  427.432 1708.762  427.286 1708.678
23 1 1 6012.20 4033.08  395.099 1739.332  395.044 1739.303
 3 1 1 6111.43 4017.06  491.659 1709.618  491.505 1709.664
23 1 1 6051.45 4037.21  434.874 1743.624  434.851 1743.431
 3 1 1 6012.20 4033.08  391.045 1725.513  391.128 1725.396
23 1 1 6093.08 3899.09  477.250 1604.047  477.185 1604.026
 3 1 1 6051.45 4037.21  430.817 1729.820  430.937 1730.019
23 1 1 6115.88 3915.93  500.343 1621.126  500.458 1620.977
 3 1 1 6093.08 3899.09  473.231 1590.266  473.130 1590.373
31 1 1 6087.36 3895.23  485.404 1596.243  485.346 1596.230
27 1 1 6068.20 3982.35  461.836 1670.336  461.980 1670.360
 3 1 1 6115.88 3915.93  496.317 1607.353  496.385 1607.136
23 1 1 6081.32 3917.31  465.308 1622.439  465.321 1622.432
 3 1 1 6081.32 3917.31  461.286 1608.652  461.256 1608.632
27 1 1 6091.05 4007.41  484.955 1695.751  484.827 1695.769
 3 1 1 6095.82 3929.79  475.965 1621.315  475.908 1621.211
23 1 1 6068.76 3925.71  452.577 1630.908  452.744 1630.845
 3 1 1 6109.07 3891.12  489.447 1582.243  489.295 1582.280
23 1 1 6095.82 3929.79  479.993 1635.096  480.008 1635.236
 3 1 1 6005.73 3980.17  384.587 1671.985  384.467 1672.152
23 1 1 6098.68 3965.59  482.851 1671.302  482.754 1671.472
11 1 1 6111.43 4017.06  505.504 1705.710  505.335 1705.668
31 1 1 6068.40 3898.62  466.182 1599.616  466.314 1599.761
27 1 1 6081.18 4004.01  474.959 1692.283  474.977 1692.292
 3 1 1 6040.67 3980.38  419.995 1672.306  419.958 1672.215
27 1 1 6060.82 4004.60  454.316 1692.817  454.339 1692.829
31 1 1 6106.42 3913.31  504.692 1614.569  504.742 1614.495
 3 1 1 6062.07 4019.67  441.617 1712.117  441.656 1712.059
31 1 1 6037.20 3914.13  434.542 1615.220  434.643 1615.159
27 1 1 6076.43 4004.53  470.143 1692.795  470.094 1693.041
 3 1 1 6077.28 4025.93  457.029 1718.492  456.971 1718.560
31 1 1 6078.62 3921.36  476.503 1622.634  476.467 1622.728
27 1 1 6077.28 4025.93  470.972 1714.441  470.925 1714.443
27 1 1 6087.98 4025.17  481.818 1713.707  481.761 1713.538
27 1 1 6071.70 4031.99  465.303 1720.555  465.208 1720.644
31 1 1 6050.17 3928.44  447.658 1629.721  447.677 1629.782
27 1 1 6109.07 3891.12  503.399 1578.186  503.426 1578.296
31 1 1 6001.67 3929.97  398.522 1631.125  398.470 1631.088
27 1 1 6107.04 3907.61  501.320 1594.856  501.293 1594.727
31 1 1 6000.34 3933.36  397.167 1634.549  397.121 1634.441
27 1 1 6012.17 3984.71  405.042 1672.551  405.182 1672.560
31 1 1 6023.13 3940.49  420.242 1641.830  420.131 1641.771
27 1 1 6045.15 3995.20  438.454 1683.261  438.514 1683.364
31 1 1 6078.25 3942.72  476.099 1644.237  476.056 1644.248
23 1 1 6005.73 3980.17  388.623 1685.805  388.637 1685.870
 7 1 1 6053.25 3957.11  436.742 1662.778  436.757 1662.636
19 1 1 6019.05 4025.81  398.100 1718.040  398.039 1718.074
11 1 1 6012.20 4033.08  404.886 1721.612  404.923 1721.579
 7 1 1 6061.33 3999.96  444.850 1706.148  444.847 1706.210
19 1 1 6042.29 4025.58  421.655 1717.884  421.612 1717.906
23 1 1 6068.20 3982.35  451.933 1688.183  451.931 1688.127
19 1 1 6087.36 3895.23  467.553 1586.201  467.652 1586.032
23 1 1 6091.05 4007.41  475.061 1713.592  475.084 1713.579
19 1 1 6068.40 3898.62  448.334 1589.572  448.336 1589.649
 7 1 1 6035.43 4016.84  418.567 1723.129  418.412 1723.143
11 1 1 6051.45 4037.21  444.660 1725.916  444.914 1726.091
 7 1 1 6048.07 4016.40  431.382 1722.729  431.206 1722.694
11 1 1 6093.08 3899.09  487.070 1586.356  486.892 1586.339
 7 1 1 6111.43 4017.06  495.614 1723.597  495.527 1723.532
23 1 1 6118.18 3996.54  502.583 1702.663  502.446 1702.602
19 1 1 6106.42 3913.31  486.837 1604.527  486.763 1604.489
31 1 1 6080.21 3953.38  478.062 1655.021  478.109 1654.997
19 1 1 6037.20 3914.13  416.697 1605.173  416.538 1605.068
23 1 1 6060.82 4004.60  444.421 1710.666  444.532 1710.781
31 1 1 6053.25 3957.11  450.734 1658.718  450.712 1658.710
23 1 1 6081.18 4004.01  465.064 1710.127  465.076 1710.025
19 1 1 6078.62 3921.36  458.651 1612.589  458.682 1612.646
31 1 1 6031.11 3965.49  428.286 1667.134  428.280 1667.113
19 1 1 6050.17 3928.44  429.809 1619.673  429.971 1619.548
31 1 1 6061.33 3999.96  458.851 1702.086  459.041 1702.084
 7 1 1 6012.20 4033.08  394.989 1739.473  394.943 1739.275
19 1 1 6001.67 3929.97  380.681 1621.074  380.743 1620.935
23 1 1 6077.28 4025.93  461.085 1732.286  461.110 1732.277
11 1 1 6115.88 3915.93  510.158 1603.442  510.125 1603.272
19 1 1 6000.34 3933.36  379.326 1624.497  379.303 1624.541
11 1 1 6081.32 3917.31  475.125 1604.743  475.065 1604.643
19 1 1 6023.13 3940.49  402.397 1631.779  402.380 1631.794
11 1 1 6095.82 3929.79  489.805 1617.405  489.677 1617.367
19 1 1 6078.25 3942.72  458.246 1634.190  458.260 1634.331
23 1 1 6087.98 4025.17  471.931 1731.549  471.969 1731.573
11 1 1 6040.67 3980.38  433.835 1668.402  433.694 1668.222
11 1 1 6068.20 3982.35  461.733 1670.481  461.904 1670.774
 7 1 1 6051.45 4037.21  434.764 1743.788  434.984 1743.901
11 1 1 6062.07 4019.67  455.459 1708.213  455.356 1708.226
 7 1 1 6093.08 3899.09  477.205 1604.233  477.070 1604.296
11 1 1 6077.28 4025.93  470.873 1714.586  470.842 1714.559
23 1 1 6071.70 4031.99  455.418 1738.403  455.466 1738.429
31 1 1 6111.91 3999.30  510.140 1701.556  510.041 1701.452
11 1 1 6087.98 4025.17  481.719 1713.852  481.743 1713.776
31 1 1 6035.43 4016.84  432.572 1719.076  432.467 1719.110
19 1 1 6080.21 3953.38  460.208 1644.973  460.233 1645.089
23 1 1 6109.07 3891.12  493.466 1596.017  493.245 1595.981
11 1 1 6109.07 3891.12  503.287 1578.332  503.448 1578.289
19 1 1 6053.25 3957.11  432.883 1648.668  432.805 1648.729
11 1 1 6107.04 3907.61  501.209 1595.002  501.153 1594.997
31 1 1 6048.07 4016.40  445.387 1718.671  445.412 1718.581
19 1 1 6031.11 3965.49  410.438 1657.081  410.330 1657.207
11 1 1 5984.17 4004.27  376.529 1692.380  376.411 1692.565
23 1 1 6107.04 3907.61  491.392 1612.689  491.255 1612.751
11 1 1 6081.18 4004.01  474.858 1692.428  474.955 1692.771
 7 1 1 6115.88 3915.93  500.290 1621.326  500.298 1621.101
23 1 1 5984.17 4004.27  366.734 1710.108  366.653 1710.172
 7 1 1 6081.32 3917.31  465.255 1622.618  465.342 1622.616
19 1 1 6061.33 3999.96  440.996 1692.032  441.002 1692.062
31 1 1 6111.43 4017.06  509.622 1719.518  509.445 1719.500
 7 1 1 6062.07 4019.67  445.567 1726.086  445.681 1726.089
31 1 1 6012.20 4033.08  408.996 1735.427  408.995 1735.376
 7 1 1 6109.07 3891.12  493.424 1596.213  493.550 1596.080
31 1 1 6051.45 4037.21  448.773 1739.729  448.849 1739.814
 7 1 1 6005.73 3980.17  388.539 1685.941  388.405 1685.960
31 1 1 6093.08 3899.09  491.190 1600.158  491.162 1600.136
 7 1 1 6040.67 3980.38  423.951 1686.268  423.766 1686.259
31 1 1 6115.88 3915.93  514.280 1617.244  514.205 1617.298
31 1 1 6081.32 3917.31  479.242 1618.548  479.251 1618.493
31 1 1 6068.76 3925.71  466.508 1627.014  466.539 1627.086
19 1 1 6111.91 3999.30  492.278 1691.506  492.082 1691.393
31 1 1 6095.82 3929.79  493.924 1631.209  493.855 1631.169
19 1 1 6035.43 4016.84  414.718 1709.019  414.587 1709.011
31 1 1 6098.68 3965.59  496.773 1667.417  496.659 1667.407
19 1 1 6048.07 4016.40  427.532 1708.615  427.363 1708.592
31 1 1 6005.73 3980.17  402.535 1681.897  402.412 1681.931
19 1 1 6111.43 4017.06  491.758 1709.467  491.620 1709.386
31 1 1 6040.67 3980.38  437.947 1682.213  437.764 1682.315
19 1 1 6012.20 4033.08  391.145 1725.366  391.292 1725.258
31 1 1 6068.20 3982.35  465.848 1684.290  465.908 1684.272
19 1 1 6051.45 4037.21  430.916 1729.671  430.961 1729.699
31 1 1 5992.48 3990.86  389.090 1692.662  389.155 1692.876
19 1 1 6093.08 3899.09  473.338 1590.116  473.230 1590.200
31 1 1 6118.18 3996.54  516.497 1698.783  516.255 1698.723
19 1 1 6115.88 3915.93  496.423 1607.202  496.314 1607.226
31 1 1 6060.82 4004.60  458.329 1706.773  458.290 1706.782
19 1 1 5984.17 4004.27  362.793 1696.135  362.791 1696.132
19 1 1 6068.76 3925.71  448.658 1616.968  448.675 1616.818
19 1 1 6095.82 3929.79  476.069 1621.165  476.065 1621.043
31 1 1 6062.07 4019.67  459.573 1722.024  459.627 1722.114
19 1 1 6107.04 3907.61  487.475 1598.762  487.670 1598.752
19 1 1 6005.73 3980.17  384.689 1671.841  384.772 1671.831
31 1 1 6077.28 4025.93  474.988 1728.397  475.032 1728.358
19 1 1 6091.05 4007.41  471.110 1699.654  471.116 1699.643
31 1 1 6087.98 4025.17  485.835 1727.663  485.961 1727.633
31 1 1 5984.17 4004.27  380.638 1706.195  380.543 1706.240
19 1 1 6068.20 3982.35  447.993 1674.239  447.970 1674.389
31 1 1 6109.07 3891.12  507.409 1592.132  507.364 1592.304
19 1 1 5992.48 3990.86  371.245 1682.604  371.366 1682.673
19 1 1 6118.18 3996.54  498.634 1688.735  498.735 1688.818
31 1 1 6107.04 3907.61  505.330 1608.804  505.212 1608.757
19 1 1 6060.82 4004.60  440.473 1696.719  440.365 1696.509
31 1 1 6000.95 3911.20  397.823 1612.145  397.911 1611.967
31 1 1 6038.17 4014.63  435.354 1716.847  435.241 1716.904
19 1 1 6062.07 4019.67  441.716 1711.969  441.745 1711.894
31 1 1 6045.15 3995.20  442.465 1697.217  442.412 1697.057
19 1 1 6077.28 4025.93  457.128 1718.342  457.125 1718.408
19 1 1 6087.98 4025.17  467.973 1717.609  467.998 1717.518
