23 1 1 5902.36 2532.36  286.917  226.913  286.847  226.868
23 1 1 5833.19 2562.18  217.366  256.870  217.361  256.829
23 1 1 5850.37 2463.55  234.845  157.939  234.641  157.988
23 1 1 5876.42 2465.63  260.994  160.000  260.909  160.178
23 1 1 5910.35 2470.19  295.062  164.544  295.013  164.349
23 1 1 5905.37 2506.52  289.994  200.984  289.785  200.998
23 1 1 5852.80 2516.61  237.161  211.151  237.279  211.378
23 1 1 5855.24 2539.54  239.569  234.145  239.543  234.423
23 1 1 5901.65 2559.45  286.161  254.094  286.272  254.097
23 1 1 5906.84 2427.44  291.615  121.676  291.745  121.590
23 1 1 5859.68 2441.55  244.238  135.872  244.335  135.845
23 1 1 5912.60 2442.73  297.368  137.005  297.466  137.033
23 1 1 5819.44 2448.15  203.827  142.516  203.840  142.435
23 1 1 5893.58 2470.75  278.217  165.124  278.301  165.277
23 1 1 5906.27 2490.57  290.931  184.991  290.892  185.043
23 1 1 5848.46 2495.82  232.852  190.302  232.826  190.412
23 1 1 5931.65 2402.15  316.569   96.293  316.668   96.222
23 1 1 5830.49 2403.60  215.023   97.849  214.999   97.814
23 1 1 5788.41 2426.96  172.736  121.293  172.574  121.252
23 1 1 5870.16 2439.75  254.765  134.056  254.720  134.132
23 1 1 5922.58 2440.43  307.395  134.686  307.474  134.626
23 1 1 5904.54 2452.59  289.263  146.901  289.359  146.936
23 1 1 5908.60 2459.56  293.321  153.889  293.414  153.910
23 1 1 5832.46 2479.49  216.822  173.931  216.699  174.052
23 1 1 5803.26 2501.76  187.452  196.280  187.428  196.301
23 1 1 5817.02 2507.19  201.250  201.712  201.250  201.608
23 1 1 5911.39 2515.03  296.024  209.519  296.014  209.537
23 1 1 5823.02 2528.24  207.226  222.827  207.214  222.819
23 1 1 5884.54 2534.33  269.010  228.899  269.018  228.849
23 1 1 5811.66 2555.38  195.755  250.055  195.907  250.027
23 1 1 5854.44 2561.45  238.717  256.131  238.623  256.211
23 1 1 5889.18 2566.46  273.615  261.139  273.503  261.185
23 1 1 5810.25 2587.74  194.263  282.523  194.218  282.557
23 1 1 5801.84 2402.35  186.276   96.621  186.338   96.549
23 1 1 5833.23 2405.47  217.766   99.725  217.614   99.644
23 1 1 5874.35 2409.27  259.033  103.492  259.027  103.422
31 1 1 5902.36 2532.36  300.690  222.998  300.633  222.953
23 1 1 5852.38 2420.82  236.948  115.093  236.926  115.120
31 1 1 5833.19 2562.18  231.134  252.952  231.103  252.968
23 1 1 5824.37 2427.17  208.818  121.485  208.795  121.403
31 1 1 5850.37 2463.55  248.619  154.021  248.431  154.088
23 1 1 5793.56 2441.79  177.862  136.157  177.889  136.268
31 1 1 5876.42 2465.63  274.769  156.083  274.672  156.224
31 1 1 5910.35 2470.19  308.839  160.629  308.770  160.417
23 1 1 5936.56 2441.31  321.441  135.554  321.464  135.499
31 1 1 5905.37 2506.52  303.769  197.069  303.580  197.066
23 1 1 5814.48 2446.12  198.856  140.480  198.873  140.429
31 1 1 5852.80 2516.61  250.933  207.233  251.045  207.473
23 1 1 5866.52 2459.97  251.066  154.335  251.147  154.383
31 1 1 5855.24 2539.54  253.339  230.228  253.300  230.428
23 1 1 5911.22 2464.38  295.944  158.714  295.856  158.573
31 1 1 5901.65 2559.45  299.933  250.179  300.054  250.172
23 1 1 5849.66 2470.26  234.110  164.669  234.200  164.612
31 1 1 5906.84 2427.44  305.394  117.760  305.475  117.682
23 1 1 5860.82 2475.29  245.311  169.696  245.435  169.714
31 1 1 5859.68 2441.55  258.014  131.954  258.083  131.945
23 1 1 5935.66 2478.78  320.473  173.132  320.631  173.111
31 1 1 5912.60 2442.73  311.146  133.090  311.263  133.106
23 1 1 5932.49 2481.04  317.281  175.400  317.323  175.375
31 1 1 5819.44 2448.15  217.600  138.596  217.568  138.526
23 1 1 5884.95 2486.56  269.519  180.985  269.576  180.989
31 1 1 5893.58 2470.75  291.993  161.209  292.056  161.399
23 1 1 5926.51 2486.78  311.268  181.163  311.273  181.101
31 1 1 5906.27 2490.57  304.707  181.076  304.678  181.141
23 1 1 5802.71 2493.21  186.916  187.706  186.941  187.568
31 1 1 5848.46 2495.82  246.624  186.384  246.594  186.495
23 1 1 5808.45 2498.44  192.673  192.947  192.520  192.909
31 1 1 5931.65 2402.15  330.350   92.379  330.389   92.292
19 1 1 5902.36 2532.36  283.000  213.088  282.933  213.040
23 1 1 5899.19 2502.43  283.793  196.887  283.734  196.863
31 1 1 5830.49 2403.60  228.798   93.929  228.779   93.854
19 1 1 5833.19 2562.18  213.456  243.044  213.444  243.032
23 1 1 5916.52 2502.41  301.205  196.855  301.256  196.771
31 1 1 5788.41 2426.96  186.508  117.370  186.454  117.310
19 1 1 5850.37 2463.55  230.935  144.122  230.716  144.183
31 1 1 5870.16 2439.75  268.541  130.138  268.511  130.191
23 1 1 5792.85 2527.31  176.933  221.908  176.945  221.864
19 1 1 5876.42 2465.63  257.081  146.182  256.994  146.356
23 1 1 5878.14 2539.63  262.575  234.222  262.453  234.345
31 1 1 5922.58 2440.43  321.174  130.771  321.320  130.707
19 1 1 5910.35 2470.19  291.146  150.725  291.071  150.528
23 1 1 5893.61 2540.03  278.113  234.610  278.205  234.560
31 1 1 5904.54 2452.59  303.040  142.985  303.105  142.993
23 1 1 5788.92 2540.59  172.953  235.219  173.001  235.411
19 1 1 5905.37 2506.52  286.078  187.161  285.861  187.161
23 1 1 5797.79 2546.56  181.845  241.210  181.798  241.248
19 1 1 5852.80 2516.61  233.251  197.328  233.348  197.524
23 1 1 5833.86 2546.23  218.080  240.864  218.144  240.816
27 1 1 5902.36 2532.36  296.735  209.158  296.657  209.098
23 1 1 5932.30 2549.70  316.982  244.290  317.019  244.356
23 1 1 5886.06 2555.66  270.494  250.305  270.472  250.362
27 1 1 5833.19 2562.18  227.190  239.120  227.164  239.088
23 1 1 5929.55 2557.60  314.201  252.214  314.203  252.328
19 1 1 5855.24 2539.54  235.657  220.320  235.638  220.480
27 1 1 5850.37 2463.55  244.662  140.196  244.459  140.249
19 1 1 5901.65 2559.45  282.244  240.266  282.372  240.277
31 1 1 5908.60 2459.56  307.099  149.974  307.177  149.972
27 1 1 5876.42 2465.63  270.810  142.254  270.724  142.431
31 1 1 5832.46 2479.49  230.594  170.012  230.503  170.136
27 1 1 5910.35 2470.19  304.877  146.794  304.807  146.590
 3 1 1 5902.36 2532.36  282.929  213.193  282.845  213.147
27 1 1 5905.37 2506.52  299.811  183.231  299.618  183.221
 3 1 1 5833.19 2562.18  213.377  243.156  213.330  243.166
19 1 1 5906.84 2427.44  287.700  107.861  287.844  107.814
27 1 1 5852.80 2516.61  246.982  193.402  247.103  193.620
 3 1 1 5850.37 2463.55  230.849  144.242  230.628  144.285
 3 1 1 5876.42 2465.63  257.000  146.297  256.988  146.446
19 1 1 5859.68 2441.55  240.329  122.057  240.447  122.069
23 1 1 5937.91 2544.80  322.623  239.369  322.574  239.397
19 1 1 5912.60 2442.73  293.452  123.188  293.541  123.252
 3 1 1 5910.35 2470.19  291.071  150.835  290.981  150.632
27 1 1 5855.24 2539.54  249.390  216.395  249.355  216.501
 3 1 1 5905.37 2506.52  286.006  187.268  285.798  187.255
19 1 1 5819.44 2448.15  199.922  128.701  199.899  128.598
31 1 1 5803.26 2501.76  201.221  192.360  201.113  192.403
19 1 1 5893.58 2470.75  274.303  151.306  274.377  151.442
23 1 1 5921.57 2565.83  306.167  260.483  306.232  260.526
27 1 1 5901.65 2559.45  295.981  236.337  296.121  236.349
 3 1 1 5852.80 2516.61  233.171  197.442  233.273  197.697
31 1 1 5817.02 2507.19  215.020  197.792  215.059  197.675
27 1 1 5906.84 2427.44  301.427  103.930  301.581  103.868
31 1 1 5911.39 2515.03  309.799  205.604  309.808  205.645
23 1 1 5845.81 2566.57  230.032  261.275  229.963  261.266
19 1 1 5906.27 2490.57  287.015  171.170  286.952  171.213
27 1 1 5859.68 2441.55  254.054  118.130  254.123  118.111
19 1 1 5848.46 2495.82  228.942  176.482  228.932  176.587
31 1 1 5823.02 2528.24  220.995  218.908  220.999  218.881
27 1 1 5912.60 2442.73  307.180  119.257  307.285  119.281
31 1 1 5884.54 2534.33  282.782  224.983  282.753  224.959
19 1 1 5931.65 2402.15  312.652   82.481  312.684   82.390
23 1 1 5871.59 2568.81  255.928  263.509  256.033  263.596
19 1 1 5830.49 2403.60  211.117   84.039  211.107   84.113
27 1 1 5819.44 2448.15  213.645  124.777  213.636  124.664
23 1 1 5797.33 2587.16  181.283  281.940  181.298  281.951
31 1 1 5800.71 2587.51  198.440  278.374  198.682  278.237
23 1 1 5814.15 2401.18  198.631   95.435  198.564   95.268
31 1 1 5854.44 2561.45  252.486  252.215  252.404  252.257
27 1 1 5893.58 2470.75  288.032  147.376  288.118  147.533
31 1 1 5889.18 2566.46  287.386  257.225  287.314  257.274
27 1 1 5906.27 2490.57  300.747  167.239  300.698  167.271
31 1 1 5810.25 2587.74  208.029  278.604  207.993  278.546
27 1 1 5848.46 2495.82  242.671  172.556  242.625  172.651
19 1 1 5788.41 2426.96  168.835  107.481  168.618  107.454
11 1 1 5902.36 2532.36  296.644  209.269  296.558  209.217
27 1 1 5931.65 2402.15  326.378   78.547  326.421   78.477
11 1 1 5833.19 2562.18  227.085  239.224  227.055  239.213
27 1 1 5830.49 2403.60  224.837   80.113  224.841   80.139
31 1 1 5801.84 2402.35  200.050   92.699  200.120   92.606
11 1 1 5850.37 2463.55  244.568  140.311  244.377  140.350
19 1 1 5870.16 2439.75  250.854  120.241  250.805  120.280
23 1 1 5932.05 2406.39  316.967  100.544  316.975  100.496
 7 1 1 5902.36 2532.36  286.811  227.030  286.761  226.963
23 1 1 5880.18 2413.49  264.870  107.716  264.872  107.599
 7 1 1 5833.19 2562.18  217.242  256.971  217.247  256.984
23 1 1 5903.58 2414.61  288.364  108.823  288.495  108.807
 7 1 1 5850.37 2463.55  234.747  158.053  234.569  158.121
31 1 1 5833.23 2405.47  231.542   95.805  231.360   95.772
 7 1 1 5876.42 2465.63  260.900  160.117  260.899  160.260
31 1 1 5874.35 2409.27  272.810   99.575  272.859   99.494
 7 1 1 5910.35 2470.19  294.973  164.668  294.880  164.454
11 1 1 5876.42 2465.63  270.721  142.370  270.737  142.515
 7 1 1 5905.37 2506.52  289.896  201.103  289.671  201.093
11 1 1 5910.35 2470.19  304.793  146.912  304.754  146.713
 7 1 1 5852.80 2516.61  237.052  211.259  237.179  211.499
11 1 1 5905.37 2506.52  299.723  183.345  299.513  183.354
 7 1 1 5855.24 2539.54  239.454  234.251  239.391  233.881
31 1 1 5852.38 2420.82  250.725  111.174  250.715  111.238
11 1 1 5852.80 2516.61  246.885  193.512  247.020  193.743
 3 1 1 5797.86 2582.62  177.840  263.673  177.836  263.659
27 1 1 5788.41 2426.96  182.555  103.558  182.466  103.511
23 1 1 5800.44 2420.12  184.830  114.430  184.803  114.502
11 1 1 5901.65 2559.45  295.886  236.446  296.044  236.461
19 1 1 5922.58 2440.43  303.478  120.870  303.581  120.824
31 1 1 5824.37 2427.17  222.592  117.565  222.519  117.503
27 1 1 5870.16 2439.75  264.580  116.312  264.521  116.383
 3 1 1 5901.65 2559.45  282.174  240.369  282.271  240.392
31 1 1 5793.56 2441.79  191.633  132.236  191.708  132.318
23 1 1 5823.78 2420.15  208.243  114.445  208.263  114.232
27 1 1 5922.58 2440.43  317.207  116.937  317.242  116.935
31 1 1 5936.56 2441.31  335.221  131.640  335.250  131.570
23 1 1 5815.53 2425.41  199.951  119.722  199.903  119.669
19 1 1 5904.54 2452.59  285.348  133.084  285.379  133.095
23 1 1 5875.48 2428.76  260.122  123.032  260.307  122.881
 7 1 1 5901.65 2559.45  286.047  254.209  286.218  254.226
23 1 1 5911.25 2429.81  296.041  124.048  296.117  124.083
19 1 1 5908.60 2459.56  289.406  140.071  289.485  140.096
 7 1 1 5906.84 2427.44  291.535  121.804  291.611  121.739
19 1 1 5832.46 2479.49  212.914  160.113  212.911  160.268
23 1 1 5887.48 2435.77  272.161  130.053  272.222  130.193
 7 1 1 5859.68 2441.55  244.147  135.990  244.210  135.952
23 1 1 5893.97 2439.26  278.673  133.542  278.705  133.344
19 1 1 5803.26 2501.76  183.547  182.460  183.497  182.592
23 1 1 5813.77 2441.63  198.148  135.985  198.175  136.033
 7 1 1 5912.60 2442.73  297.285  137.132  297.395  137.176
19 1 1 5817.02 2507.19  197.344  187.891  197.353  187.868
23 1 1 5881.30 2443.05  265.938  137.360  265.713  137.380
19 1 1 5911.39 2515.03  292.107  195.695  292.105  195.708
23 1 1 5822.41 2458.03  206.778  152.418  206.753  152.410
11 1 1 5906.84 2427.44  301.345  104.053  301.523  103.999
 7 1 1 5819.44 2448.15  203.726  142.627  203.671  142.567
11 1 1 5859.68 2441.55  253.963  118.248  254.067  118.235
 7 1 1 5893.58 2470.75  278.126  165.245  278.151  165.404
19 1 1 5823.02 2528.24  203.318  209.004  203.298  208.993
 7 1 1 5906.27 2490.57  290.836  185.112  290.768  185.111
11 1 1 5912.60 2442.73  307.098  119.378  307.237  119.409
 7 1 1 5848.46 2495.82  232.747  190.411  232.714  190.488
31 1 1 5814.48 2446.12  212.629  136.560  212.595  136.485
23 1 1 5807.85 2459.37  192.163  153.775  192.127  153.712
15 1 1 5902.36 2532.36  300.608  223.103  300.523  223.063
31 1 1 5866.52 2459.97  264.841  150.418  264.884  150.441
15 1 1 5833.19 2562.18  231.048  253.072  231.007  253.039
23 1 1 5938.80 2461.25  323.656  155.548  323.752  155.500
19 1 1 5884.54 2534.33  265.095  215.074  265.097  215.102
23 1 1 5921.81 2463.99  306.581  158.313  306.716  158.364
31 1 1 5911.22 2464.38  309.721  154.799  309.666  154.635
 3 1 1 5906.84 2427.44  287.618  107.978  287.720  107.916
19 1 1 5890.61 2559.14  271.152  239.968  271.435  239.952
23 1 1 5831.40 2468.56  215.786  162.971  215.755  162.978
11 1 1 5819.44 2448.15  213.546  124.894  213.555  124.808
15 1 1 5850.37 2463.55  248.514  154.145  248.317  154.220
27 1 1 5904.54 2452.59  299.076  129.153  299.178  129.214
23 1 1 5849.26 2476.83  233.696  171.255  233.616  171.300
27 1 1 5908.60 2459.56  303.135  136.140  303.218  136.109
 3 1 1 5859.68 2441.55  240.240  122.179  240.318  122.194
 7 1 1 5931.65 2402.15  316.497   96.430  316.464   96.319
27 1 1 5832.46 2479.49  226.641  156.188  226.642  156.198
 7 1 1 5788.41 2426.96  172.632  121.404  172.860  121.469
27 1 1 5803.26 2501.76  197.274  178.538  197.241  178.633
 7 1 1 5870.16 2439.75  254.676  134.175  254.533  134.232
23 1 1 5875.00 2476.71  259.541  171.109  259.571  171.259
27 1 1 5817.02 2507.19  211.072  183.968  211.110  183.871
 7 1 1 5922.58 2440.43  307.315  134.816  307.326  134.736
 3 1 1 5912.60 2442.73  293.373  123.301  293.485  123.377
 7 1 1 5904.54 2452.59  289.177  147.025  289.273  147.183
 3 1 1 5819.44 2448.15  199.826  128.830  199.821  128.708
27 1 1 5911.39 2515.03  305.841  191.765  305.824  191.756
 7 1 1 5908.60 2459.56  293.235  154.013  293.390  154.050
 3 1 1 5893.58 2470.75  274.225  151.418  274.331  151.571
 7 1 1 5832.46 2479.49  216.718  174.040  216.691  174.075
23 1 1 5837.95 2479.73  222.339  174.173  222.320  174.162
27 1 1 5823.02 2528.24  217.048  205.081  217.043  205.059
 7 1 1 5803.26 2501.76  187.338  196.382  187.266  196.561
 3 1 1 5906.27 2490.57  286.941  171.278  286.867  171.335
27 1 1 5884.54 2534.33  278.829  211.146  278.841  211.153
23 1 1 5869.47 2484.81  253.979  179.245  253.983  179.286
 3 1 1 5848.46 2495.82  228.859  176.598  228.808  176.708
27 1 1 5800.71 2587.51  194.502  264.544  194.490  264.660
23 1 1 5874.14 2490.26  258.656  184.703  258.620  184.647
27 1 1 5854.44 2561.45  248.540  238.379  248.502  238.413
23 1 1 5853.54 2492.57  237.961  187.035  237.966  187.015
 7 1 1 5817.02 2507.19  201.137  201.815  201.292  201.697
 3 1 1 5931.65 2402.15  312.570   82.597  312.613   82.493
23 1 1 5919.22 2491.97  303.929  186.383  304.035  186.428
27 1 1 5889.18 2566.46  283.436  243.383  283.301  243.408
27 1 1 5810.25 2587.74  204.090  264.773  203.974  264.722
 7 1 1 5911.39 2515.03  295.924  209.639  295.959  209.643
27 1 1 5801.84 2402.35  196.092   78.887  196.151   78.838
 7 1 1 5823.02 2528.24  207.109  222.929  207.177  222.961
27 1 1 5833.23 2405.47  227.581   81.988  227.449   81.931
 3 1 1 5830.49 2403.60  211.014   84.173  210.918   84.363
27 1 1 5874.35 2409.27  268.845   85.751  268.835   85.653
 7 1 1 5884.54 2534.33  268.901  229.012  268.934  229.014
27 1 1 5852.38 2420.82  246.763   97.353  246.740   97.395
 7 1 1 5854.44 2561.45  238.596  256.236  238.525  256.267
 3 1 1 5788.41 2426.96  168.727  107.620  168.876  107.609
 3 1 1 5870.16 2439.75  250.767  120.361  250.744  120.413
27 1 1 5824.37 2427.17  218.635  103.747  218.600  103.718
 3 1 1 5922.58 2440.43  303.401  120.982  303.518  120.968
27 1 1 5793.56 2441.79  187.681  118.421  187.599  118.510
 3 1 1 5904.54 2452.59  285.269  133.197  285.354  133.352
27 1 1 5936.56 2441.31  331.252  117.804  331.284  117.765
23 1 1 5836.23 2493.29  220.577  187.764  220.507  187.741
27 1 1 5814.48 2446.12  208.674  122.742  208.648  122.669
23 1 1 5787.12 2494.76  171.270  189.260  171.128  189.485
 7 1 1 5889.18 2566.46  273.497  261.251  273.413  261.279
27 1 1 5866.52 2459.97  260.882  136.590  260.938  136.568
23 1 1 5865.67 2494.82  250.138  189.281  250.246  189.292
27 1 1 5911.22 2464.38  305.758  140.964  305.694  140.785
23 1 1 5876.61 2494.41  261.128  188.862  261.164  188.854
27 1 1 5849.66 2470.26  243.928  146.925  244.033  146.851
 7 1 1 5810.25 2587.74  194.128  282.618  193.932  282.699
23 1 1 5867.43 2498.08  251.901  192.549  251.857  192.573
 7 1 1 5801.84 2402.35  186.177   96.738  186.106   96.873
23 1 1 5862.03 2499.48  246.468  193.957  246.368  193.924
15 1 1 5876.42 2465.63  274.669  156.200  274.681  156.350
11 1 1 5893.58 2470.75  287.946  147.492  288.020  147.563
31 1 1 5849.66 2470.26  247.884  160.751  248.026  160.685
19 1 1 5854.44 2561.45  234.805  242.305  234.738  242.328
11 1 1 5906.27 2490.57  300.661  167.354  300.548  167.390
15 1 1 5910.35 2470.19  308.746  160.737  308.689  160.515
23 1 1 5873.70 2512.44  258.163  206.952  258.112  207.007
27 1 1 5860.82 2475.29  255.128  151.951  255.303  151.938
27 1 1 5935.66 2478.78  330.286  155.379  330.447  155.428
 3 1 1 5908.60 2459.56  289.329  140.182  289.375  140.188
19 1 1 5889.18 2566.46  269.699  247.311  269.553  247.345
23 1 1 5915.96 2517.57  300.611  212.063  300.603  212.150
15 1 1 5905.37 2506.52  303.683  197.175  303.463  197.191
23 1 1 5860.40 2526.47  244.776  221.032  244.764  221.078
19 1 1 5810.25 2587.74  190.355  268.694  190.286  268.701
27 1 1 5932.49 2481.04  327.095  157.647  327.155  157.636
19 1 1 5801.84 2402.35  182.373   82.811  182.409   82.728
23 1 1 5870.46 2526.67  254.886  221.231  254.820  221.261
15 1 1 5852.80 2516.61  250.841  207.351  250.914  207.595
27 1 1 5884.95 2486.56  279.336  163.236  279.363  163.283
19 1 1 5833.23 2405.47  213.860   85.914  213.771   85.919
27 1 1 5926.51 2486.78  321.083  163.410  321.168  163.430
15 1 1 5898.44 2569.09  296.608  259.958  296.537  260.101
23 1 1 5929.49 2527.52  314.194  222.034  314.275  222.101
27 1 1 5802.71 2493.21  196.738  169.965  196.714  169.812
23 1 1 5883.32 2585.77  267.690  280.523  267.692  280.447
15 1 1 5901.65 2559.45  299.856  250.282  300.004  250.303
23 1 1 5805.48 2532.90  189.602  227.510  189.624  227.555
27 1 1 5808.45 2498.44  202.494  175.205  202.499  175.191
19 1 1 5874.35 2409.27  255.122   89.680  255.116   89.664
15 1 1 5906.84 2427.44  305.289  117.874  305.492  117.735
27 1 1 5899.19 2502.43  293.609  179.135  293.532  179.104
19 1 1 5852.38 2420.82  233.040  101.280  233.029  101.283
27 1 1 5792.85 2527.31  186.757  204.164  186.809  204.097
23 1 1 5822.17 2537.41  206.350  232.028  206.384  231.954
19 1 1 5824.37 2427.17  204.913  107.672  204.850  107.576
23 1 1 5783.29 2540.20  167.302  234.831  167.298  234.797
19 1 1 5793.56 2441.79  173.959  122.344  173.907  122.521
23 1 1 5863.67 2540.34  248.029  234.948  247.984  234.642
15 1 1 5859.68 2441.55  257.904  132.078  257.998  132.016
27 1 1 5878.14 2539.63  272.395  216.469  272.246  216.445
15 1 1 5912.60 2442.73  311.046  133.199  311.178  133.247
19 1 1 5936.56 2441.31  317.523  121.737  317.584  121.694
 3 1 1 5832.46 2479.49  212.826  160.235  212.729  160.156
15 1 1 5819.44 2448.15  217.485  138.732  217.473  138.620
27 1 1 5893.61 2540.03  287.933  216.856  287.965  216.726
23 1 1 5858.59 2542.54  242.924  237.156  242.941  237.220
27 1 1 5788.92 2540.59  182.778  217.475  182.739  217.533
23 1 1 5920.61 2551.85  305.227  246.451  305.268  246.507
 7 1 1 5833.23 2405.47  217.674   99.845  217.409   99.901
15 1 1 5893.58 2470.75  291.897  161.320  291.988  161.443
 3 1 1 5803.26 2501.76  183.456  182.585  183.595  182.629
19 1 1 5814.48 2446.12  194.951  126.666  194.910  126.586
23 1 1 5935.83 2579.80  320.472  274.496  320.448  274.406
19 1 1 5866.52 2459.97  247.155  140.518  247.307  140.514
11 1 1 5848.46 2495.82  242.575  172.667  242.548  172.791
 3 1 1 5817.02 2507.19  197.257  188.012  197.334  187.863
31 1 1 5860.82 2475.29  259.085  165.779  259.174  165.688
 3 1 1 5823.02 2528.24  203.234  209.121  203.221  209.110
31 1 1 5935.66 2478.78  334.251  169.218  334.428  169.189
27 1 1 5797.79 2546.56  191.670  223.464  191.741  223.463
23 1 1 5796.68 2570.04  180.677  264.765  180.599  264.824
31 1 1 5932.49 2481.04  331.059  171.487  331.107  171.513
23 1 1 5847.97 2571.82  232.196  266.533  232.149  266.740
 7 1 1 5874.35 2409.27  258.949  103.618  258.984  103.560
11 1 1 5931.65 2402.15  326.300   78.675  326.357   78.560
27 1 1 5833.86 2546.23  227.903  223.115  228.002  223.140
23 1 1 5878.72 2576.33  263.086  271.044  263.085  271.007
11 1 1 5830.49 2403.60  224.740   80.238  224.759   80.196
 3 1 1 5884.54 2534.33  265.022  215.181  264.946  215.094
23 1 1 5915.57 2582.04  300.109  276.758  300.152  276.808
31 1 1 5884.95 2486.56  283.294  177.069  283.352  177.063
19 1 1 5911.22 2464.38  292.028  144.895  291.930  144.683
31 1 1 5926.51 2486.78  325.045  177.249  325.057  177.195
27 1 1 5932.30 2549.70  326.800  226.531  326.831  226.591
 7 1 1 5852.38 2420.82  236.859  115.212  236.805  115.192
 3 1 1 5854.44 2561.45  234.729  242.414  234.636  242.371
19 1 1 5849.66 2470.26  230.201  150.851  230.292  150.779
 7 1 1 5824.37 2427.17  208.722  121.600  208.686  121.535
19 1 1 5860.82 2475.29  241.400  155.878  241.516  155.819
27 1 1 5886.06 2555.66  280.314  232.550  280.256  232.645
31 1 1 5802.71 2493.21  200.686  183.786  200.645  183.731
23 1 1 5907.41 2583.73  291.898  278.456  291.843  278.442
27 1 1 5929.55 2557.60  324.020  234.455  324.072  234.557
23 1 1 5806.46 2587.43  190.450  282.206  190.362  282.186
15 1 1 5906.27 2490.57  304.617  181.182  304.575  181.194
11 1 1 5870.16 2439.75  264.491  116.432  264.422  116.531
15 1 1 5848.46 2495.82  246.527  186.505  246.469  186.581
31 1 1 5808.45 2498.44  206.443  189.027  206.415  189.116
15 1 1 5931.65 2402.15  330.242   92.489  330.255   92.337
31 1 1 5899.19 2502.43  297.567  192.972  297.525  192.932
 7 1 1 5793.56 2441.79  177.756  136.267  177.799  136.396
31 1 1 5916.52 2502.41  314.981  192.941  314.967  192.785
15 1 1 5830.49 2403.60  228.671   94.069  228.592   94.180
11 1 1 5922.58 2440.43  317.127  117.059  317.243  117.020
19 1 1 5935.66 2478.78  316.554  159.311  316.700  159.309
27 1 1 5935.77 2558.73  330.274  235.586  330.528  235.658
15 1 1 5788.41 2426.96  186.379  117.521  186.415  117.419
 3 1 1 5889.18 2566.46  269.629  247.416  269.508  247.436
23 1 1 5852.58 2405.65  237.185   99.883  237.146   99.937
19 1 1 5932.49 2481.04  313.362  161.580  313.402  161.555
23 1 1 5896.51 2408.57  281.279  102.775  281.273  102.815
 3 1 1 5801.84 2402.35  182.263   82.952  182.384   82.826
23 1 1 5906.83 2407.98  291.637  102.170  291.734  102.148
11 1 1 5904.54 2452.59  298.993  129.272  299.079  129.400
15 1 1 5870.16 2439.75  268.433  130.260  268.427  130.371
27 1 1 5921.57 2565.83  315.986  242.724  316.064  242.816
19 1 1 5884.95 2486.56  265.606  167.165  265.630  167.161
27 1 1 5845.81 2566.57  239.856  243.523  239.894  243.516
 7 1 1 5936.56 2441.31  321.362  135.686  321.332  135.593
19 1 1 5926.51 2486.78  307.350  167.342  307.430  167.409
31 1 1 5792.85 2527.31  190.701  217.987  190.733  218.067
19 1 1 5802.71 2493.21  183.012  173.888  182.942  173.777
27 1 1 5871.59 2568.81  265.750  245.754  265.809  245.752
31 1 1 5878.14 2539.63  276.346  230.306  276.260  230.371
19 1 1 5808.45 2498.44  188.767  179.128  188.724  179.058
23 1 1 5909.15 2410.60  293.960  104.796  294.049  104.670
19 1 1 5899.19 2502.43  279.877  183.065  279.814  183.043
 3 1 1 5833.23 2405.47  213.758   86.047  213.804   85.951
27 1 1 5797.33 2587.16  191.110  264.192  191.047  264.177
 3 1 1 5874.35 2409.27  255.030   89.805  255.068   89.772
23 1 1 5796.22 2423.95  180.578  118.269  180.575  118.240
 3 1 1 5852.38 2420.82  232.946  101.406  232.894  101.374
31 1 1 5893.61 2540.03  291.886  230.696  291.954  230.561
27 1 1 5814.15 2401.18  208.446   77.700  208.344   77.549
11 1 1 5908.60 2459.56  303.052  136.258  303.134  136.227
19 1 1 5916.52 2502.41  297.288  183.033  297.296  182.954
11 1 1 5803.26 2501.76  197.169  178.648  197.154  178.458
19 1 1 5792.85 2527.31  173.029  208.086  173.011  208.145
 7 1 1 5814.48 2446.12  198.754  140.591  198.808  140.577
11 1 1 5817.02 2507.19  210.970  184.077  211.052  184.005
15 1 1 5922.58 2440.43  321.075  130.879  321.152  130.858
 3 1 1 5824.37 2427.17  204.814  107.803  204.905  107.686
31 1 1 5788.92 2540.59  186.719  231.298  186.841  231.493
27 1 1 5932.05 2406.39  326.776   82.798  326.872   82.776
11 1 1 5911.39 2515.03  305.754  191.878  305.735  191.862
 7 1 1 5866.52 2459.97  250.972  154.452  251.166  154.423
27 1 1 5880.18 2413.49  274.682   89.974  274.666   89.827
15 1 1 5904.54 2452.59  302.942  143.096  303.035  143.193
27 1 1 5903.58 2414.61  298.175   91.079  298.326   91.015
 7 1 1 5911.22 2464.38  295.856  158.839  295.769  158.703
19 1 1 5878.14 2539.63  258.661  220.397  258.542  220.465
15 1 1 5908.60 2459.56  307.002  150.083  307.077  150.094
31 1 1 5797.79 2546.56  195.612  237.290  195.597  237.417
19 1 1 5893.61 2540.03  274.198  220.785  274.216  220.733
 3 1 1 5793.56 2441.79  173.856  122.480  173.919  122.496
19 1 1 5788.92 2540.59  169.049  221.396  169.032  221.455
23 1 1 5881.96 2426.42  266.632  120.679  266.744  120.554
11 1 1 5823.02 2528.24  216.945  205.188  216.956  205.239
19 1 1 5797.79 2546.56  177.940  227.386  177.926  227.386
23 1 1 5798.14 2443.36  182.460  137.725  182.342  137.625
19 1 1 5833.86 2546.23  214.171  227.039  214.244  226.991
11 1 1 5884.54 2534.33  278.735  211.255  278.678  211.337
 7 1 1 5849.66 2470.26  234.011  164.781  234.053  164.727
11 1 1 5854.44 2561.45  248.438  238.485  248.286  238.466
 7 1 1 5860.82 2475.29  245.213  169.810  245.392  169.919
11 1 1 5889.18 2566.46  283.339  243.491  283.251  243.519
23 1 1 5926.15 2446.38  310.978  140.645  310.993  140.686
 7 1 1 5935.66 2478.78  320.386  173.260  320.664  173.252
31 1 1 5833.86 2546.23  231.849  236.946  231.969  236.912
15 1 1 5832.46 2479.49  230.490  170.140  230.272  170.136
31 1 1 5932.30 2549.70  330.756  240.377  330.760  240.428
 7 1 1 5932.49 2481.04  317.193  175.528  317.303  175.552
15 1 1 5817.02 2507.19  214.920  197.922  214.965  197.828
 7 1 1 5884.95 2486.56  269.423  181.102  269.422  181.087
15 1 1 5911.39 2515.03  309.715  205.708  309.748  205.746
 3 1 1 5936.56 2441.31  317.448  121.847  317.488  121.641
11 1 1 5801.84 2402.35  195.987   79.014  195.988   78.792
23 1 1 5811.32 2448.03  195.676  142.400  195.609  142.360
15 1 1 5823.02 2528.24  220.901  219.033  220.819  219.008
 7 1 1 5926.51 2486.78  311.178  181.289  311.159  181.201
15 1 1 5884.54 2534.33  282.698  225.092  282.649  225.144
 7 1 1 5802.71 2493.21  186.804  187.809  186.780  187.715
15 1 1 5854.44 2561.45  252.404  252.329  252.337  252.386
 7 1 1 5935.04 2531.20  319.660  225.845  319.922  225.790
19 1 1 5932.30 2549.70  313.062  230.462  313.053  230.492
15 1 1 5889.18 2566.46  287.309  257.330  287.203  257.353
27 1 1 5800.44 2420.12  194.647   96.695  194.390   96.790
 7 1 1 5899.19 2502.43  283.694  197.005  283.617  196.975
15 1 1 5810.25 2587.74  207.944  278.729  207.823  278.834
27 1 1 5823.78 2420.15  218.059   96.708  218.079   96.717
15 1 1 5801.84 2402.35  199.915   92.849  199.939   92.722
 7 1 1 5916.52 2502.41  301.109  196.978  301.237  196.887
 3 1 1 5814.48 2446.12  194.854  126.796  194.903  126.732
19 1 1 5886.06 2555.66  266.578  236.478  266.521  236.494
 7 1 1 5792.85 2527.31  176.811  222.005  176.804  222.092
31 1 1 5886.06 2555.66  284.265  246.390  284.214  246.468
11 1 1 5833.23 2405.47  227.484   82.113  227.228   82.009
 7 1 1 5878.14 2539.63  262.463  234.333  262.225  234.379
15 1 1 5833.23 2405.47  231.415   95.943  231.209   96.099
27 1 1 5815.53 2425.41  209.768  101.985  209.747  101.924
 3 1 1 5866.52 2459.97  247.070  140.636  247.161  140.508
 7 1 1 5893.61 2540.03  278.004  234.725  278.101  234.663
 3 1 1 5911.22 2464.38  291.952  145.006  291.838  144.851
 7 1 1 5826.56 2441.16  210.892  135.615  210.852  135.638
15 1 1 5874.35 2409.27  272.694   99.700  272.783   99.610
27 1 1 5875.48 2428.76  269.936  105.289  270.122  105.113
23 1 1 5834.17 2451.34  218.607  145.708  218.473  145.488
31 1 1 5929.55 2557.60  327.975  248.301  328.064  248.314
 3 1 1 5849.66 2470.26  230.115  150.971  230.145  150.890
 7 1 1 5797.79 2546.56  181.719  241.306  181.591  241.467
15 1 1 5852.38 2420.82  250.607  111.304  250.598  111.412
31 1 1 5935.77 2558.73  334.230  249.434  334.417  249.608
 7 1 1 5833.86 2546.23  217.960  240.966  218.113  240.978
11 1 1 5874.35 2409.27  268.757   85.876  268.744   85.845
31 1 1 5921.57 2565.83  319.940  256.570  319.964  256.653
11 1 1 5852.38 2420.82  246.671   97.474  246.548   97.617
19 1 1 5929.55 2557.60  310.282  238.386  310.283  238.445
23 1 1 5922.37 2454.32  307.161  148.613  307.234  148.489
27 1 1 5911.25 2429.81  305.853  106.302  305.853  106.276
 3 1 1 5860.82 2475.29  241.317  155.995  241.323  156.040
 7 1 1 5932.30 2549.70  316.874  244.413  316.942  244.465
11 1 1 5824.37 2427.17  218.536  103.868  218.606  103.791
23 1 1 5859.37 2458.55  243.886  152.913  244.024  152.893
19 1 1 5935.77 2558.73  316.535  239.518  316.632  239.653
 7 1 1 5886.06 2555.66  270.379  250.416  270.413  250.477
23 1 1 5892.92 2462.46  277.574  156.811  277.624  156.620
 7 1 1 5929.55 2557.60  314.091  252.336  314.247  252.290
 3 1 1 5935.66 2478.78  316.483  159.417  316.615  159.529
 7 1 1 5921.57 2565.83  306.053  260.603  306.186  260.689
27 1 1 5887.48 2435.77  281.974  112.308  282.053  112.435
 7 1 1 5845.81 2566.57  229.909  261.377  229.901  261.632
27 1 1 5893.97 2439.26  288.487  115.796  288.564  115.594
15 1 1 5824.37 2427.17  222.472  117.703  222.482  117.582
19 1 1 5921.57 2565.83  302.247  246.655  302.272  246.731
31 1 1 5845.81 2566.57  243.801  257.357  243.797  257.382
11 1 1 5793.56 2441.79  187.576  118.541  187.519  118.802
31 1 1 5871.59 2568.81  269.697  259.593  269.708  259.592
23 1 1 5782.88 2475.70  167.058  170.149  167.088  170.149
31 1 1 5797.33 2587.16  195.048  278.021  195.032  278.044
19 1 1 5845.81 2566.57  226.121  247.448  226.089  247.518
27 1 1 5813.77 2441.63  207.966  118.247  208.002  118.322
23 1 1 5818.40 2479.88  202.704  174.331  202.681  174.495
11 1 1 5936.56 2441.31  331.174  117.927  331.263  117.820
27 1 1 5881.30 2443.05  275.752  119.616  275.611  119.525
11 1 1 5814.48 2446.12  208.574  122.860  208.583  122.780
23 1 1 5880.79 2481.83  265.346  176.240  265.504  176.258
27 1 1 5834.55 2447.76  228.814  124.379  228.885  124.330
23 1 1 5793.56 2482.67  177.760  177.142  177.862  177.161
31 1 1 5814.15 2401.18  212.406   91.514  212.363   91.412
 7 1 1 5871.59 2568.81  255.807  263.617  255.899  263.306
23 1 1 5807.41 2485.27  191.657  179.738  191.530  179.773
11 1 1 5866.52 2459.97  260.791  136.707  261.017  136.674
31 1 1 5932.05 2406.39  330.748   96.630  330.767   96.542
11 1 1 5911.22 2464.38  305.675  141.082  305.642  140.887
19 1 1 5871.59 2568.81  252.014  249.681  252.087  249.695
23 1 1 5858.58 2488.67  243.033  183.117  243.056  183.075
19 1 1 5797.33 2587.16  177.377  268.112  177.491  268.053
31 1 1 5880.18 2413.49  278.648  103.799  278.729  103.673
19 1 1 5814.15 2401.18  194.727   81.625  194.586   81.562
23 1 1 5871.64 2492.19  256.140  186.641  256.193  186.642
11 1 1 5849.66 2470.26  243.834  147.039  243.887  146.965
23 1 1 5793.33 2497.60  177.491  192.112  177.512  192.093
11 1 1 5860.82 2475.29  255.036  152.065  255.293  152.183
31 1 1 5871.68 2576.06  269.775  266.860  269.808  266.731
23 1 1 5842.36 2500.44  226.718  194.931  226.671  194.913
31 1 1 5800.44 2420.12  198.603  110.508  198.691  110.391
11 1 1 5935.66 2478.78  330.206  155.497  330.336  155.392
31 1 1 5823.78 2420.15  222.017  110.525  222.066  110.342
11 1 1 5932.49 2481.04  327.014  157.765  327.032  157.725
23 1 1 5830.20 2503.63  214.499  198.144  214.529  198.435
15 1 1 5793.56 2441.79  191.510  132.382  191.607  132.308
23 1 1 5870.22 2504.26  254.687  198.749  254.609  198.677
15 1 1 5814.48 2446.12  212.512  136.698  212.437  136.622
11 1 1 5884.95 2486.56  279.247  163.350  279.341  163.449
15 1 1 5866.52 2459.97  264.737  150.538  264.739  150.574
11 1 1 5926.51 2486.78  321.000  163.527  320.989  163.514
15 1 1 5911.22 2464.38  309.626  154.907  309.547  154.789
11 1 1 5802.71 2493.21  196.634  170.076  196.522  169.932
 7 1 1 5797.33 2587.16  181.146  282.033  181.163  282.033
 3 1 1 5932.49 2481.04  313.292  161.686  313.241  161.644
11 1 1 5808.45 2498.44  202.391  175.316  202.120  175.355
23 1 1 5879.56 2505.85  264.064  200.334  264.031  200.353
27 1 1 5822.41 2458.03  216.597  134.678  216.557  134.713
 3 1 1 5884.95 2486.56  265.528  167.277  265.519  167.403
27 1 1 5807.85 2459.37  201.982  136.036  201.905  136.003
15 1 1 5849.66 2470.26  247.780  160.875  247.840  160.768
27 1 1 5938.80 2461.25  333.468  137.796  333.593  137.678
23 1 1 5827.08 2507.42  211.359  201.944  211.177  201.756
31 1 1 5815.53 2425.41  213.725  115.802  213.733  115.786
27 1 1 5921.81 2463.99  316.394  140.562  316.487  140.557
31 1 1 5875.48 2428.76  273.899  119.115  274.114  118.964
27 1 1 5831.40 2468.56  225.605  145.229  225.438  145.282
23 1 1 5865.41 2509.18  249.843  203.683  249.902  203.661
 3 1 1 5926.51 2486.78  307.279  167.448  307.489  167.449
19 1 1 5932.05 2406.39  313.050   86.731  313.055   86.648
27 1 1 5849.26 2476.83  243.514  153.511  243.420  153.580
19 1 1 5880.18 2413.49  260.959   93.903  260.967   93.824
23 1 1 5862.03 2512.29  246.444  206.812  246.404  206.863
11 1 1 5899.19 2502.43  293.521  179.249  293.434  179.217
23 1 1 5915.02 2512.79  299.680  207.271  299.654  207.326
 7 1 1 5814.15 2401.18  198.535   95.553  198.544   95.516
27 1 1 5875.00 2476.71  269.358  153.362  269.367  153.534
 7 1 1 5932.05 2406.39  316.895  100.680  316.780  100.589
19 1 1 5903.58 2414.61  284.450   95.010  284.558   94.993
 3 1 1 5802.71 2493.21  182.920  174.013  182.873  173.895
27 1 1 5837.95 2479.73  232.158  156.429  232.133  156.394
 7 1 1 5880.18 2413.49  264.787  107.841  264.864  107.728
31 1 1 5911.25 2429.81  309.820  120.133  309.831  120.065
27 1 1 5869.47 2484.81  263.797  161.498  263.827  161.537
11 1 1 5792.85 2527.31  186.649  204.271  186.715  204.235
 7 1 1 5930.88 2497.95  315.541  192.492  315.790  192.610
27 1 1 5874.14 2490.26  268.474  166.955  268.395  166.805
 3 1 1 5808.45 2498.44  188.677  179.252  188.799  179.166
11 1 1 5878.14 2539.63  272.299  216.578  272.219  216.580
 7 1 1 5823.78 2420.15  208.147  114.561  208.149  114.285
11 1 1 5893.61 2540.03  287.839  216.966  287.821  216.865
27 1 1 5853.54 2492.57  247.780  169.289  247.787  169.331
11 1 1 5788.92 2540.59  182.668  217.580  182.736  217.742
 7 1 1 5815.53 2425.41  199.853  119.837  199.870  119.898
11 1 1 5833.86 2546.23  227.800  223.221  227.785  223.195
27 1 1 5919.22 2491.97  313.744  168.631  313.724  168.715
31 1 1 5887.48 2435.77  285.938  126.136  285.936  126.261
11 1 1 5932.30 2549.70  326.710  226.644  326.653  226.663
31 1 1 5893.97 2439.26  292.451  129.625  292.421  129.422
 3 1 1 5899.19 2502.43  279.804  183.173  279.723  183.145
11 1 1 5886.06 2555.66  280.218  232.658  280.214  232.767
 3 1 1 5792.85 2527.31  172.939  208.209  173.012  208.272
11 1 1 5929.55 2557.60  323.929  234.567  323.968  234.549
 3 1 1 5878.14 2539.63  258.587  220.504  258.572  220.724
31 1 1 5813.77 2441.63  211.921  132.065  211.891  132.059
19 1 1 5800.44 2420.12  180.927  100.618  180.917  100.571
15 1 1 5860.82 2475.29  258.985  165.899  259.111  165.838
27 1 1 5836.23 2493.29  230.397  170.019  230.384  170.071
 3 1 1 5893.61 2540.03  274.126  220.890  274.166  220.871
19 1 1 5823.78 2420.15  204.338  100.633  204.357  100.519
11 1 1 5935.77 2558.73  330.183  235.699  330.117  235.729
15 1 1 5935.66 2478.78  334.163  169.319  334.382  169.311
19 1 1 5815.53 2425.41  196.047  105.910  196.034  105.777
31 1 1 5881.30 2443.05  279.714  133.443  279.552  133.442
 7 1 1 5875.48 2428.76  260.036  123.154  260.236  122.998
31 1 1 5834.55 2447.76  232.771  138.200  232.752  138.168
27 1 1 5787.12 2494.76  181.093  171.520  181.143  171.542
 3 1 1 5797.79 2546.56  177.853  227.506  177.834  227.683
11 1 1 5921.57 2565.83  315.892  242.835  315.913  242.922
19 1 1 5875.48 2428.76  256.211  109.218  256.375  109.122
11 1 1 5845.81 2566.57  239.752  243.627  239.685  243.496
27 1 1 5865.67 2494.82  259.957  171.534  259.994  171.490
 3 1 1 5833.86 2546.23  214.091  227.153  214.112  227.288
27 1 1 5876.61 2494.41  270.946  171.113  271.016  170.997
31 1 1 5822.41 2458.03  220.551  148.498  220.511  148.406
15 1 1 5932.49 2481.04  330.971  171.588  330.957  171.605
27 1 1 5867.43 2498.08  261.719  174.801  261.679  174.822
31 1 1 5807.85 2459.37  205.935  149.854  205.978  149.827
27 1 1 5862.03 2499.48  256.286  176.209  256.164  176.238
 3 1 1 5932.30 2549.70  312.995  230.563  312.960  230.575
 7 1 1 5911.25 2429.81  295.961  124.177  295.942  124.384
 3 1 1 5886.06 2555.66  266.507  236.583  266.471  236.592
 7 1 1 5893.97 2439.26  278.589  133.666  278.415  133.304
15 1 1 5884.95 2486.56  283.201  177.181  283.191  177.300
31 1 1 5938.80 2461.25  337.435  151.635  337.428  151.480
 3 1 1 5929.55 2557.60  310.215  238.487  310.341  238.484
15 1 1 5802.71 2493.21  200.580  183.922  200.553  183.696
27 1 1 5915.96 2517.57  310.428  194.309  310.541  194.385
 3 1 1 5826.56 2441.16  206.989  121.816  206.809  121.752
27 1 1 5860.40 2526.47  254.596  203.282  254.498  203.293
 3 1 1 5921.57 2565.83  302.181  246.756  302.254  246.981
31 1 1 5921.81 2463.99  320.359  154.399  320.466  154.398
 3 1 1 5845.81 2566.57  226.044  247.558  225.969  247.637
27 1 1 5870.46 2526.67  264.706  203.480  264.645  203.511
 3 1 1 5871.59 2568.81  251.941  249.787  251.952  249.832
 7 1 1 5813.77 2441.63  198.047  136.097  198.015  136.071
 3 1 1 5797.33 2587.16  177.294  268.229  177.282  268.313
31 1 1 5831.40 2468.56  229.559  159.051  229.580  159.034
 7 1 1 5881.30 2443.05  265.850  137.482  265.718  137.235
31 1 1 5849.26 2476.83  247.470  167.337  247.391  167.369
 7 1 1 5834.55 2447.76  218.900  142.232  218.923  142.196
19 1 1 5911.25 2429.81  292.126  110.233  292.118  110.237
 3 1 1 5814.15 2401.18  194.620   81.763  194.520   81.655
11 1 1 5871.59 2568.81  265.650  245.860  265.710  245.845
19 1 1 5887.48 2435.77  268.248  116.238  268.280  116.448
11 1 1 5797.33 2587.16  190.997  264.293  191.047  264.280
15 1 1 5808.45 2498.44  206.339  189.160  206.399  189.096
27 1 1 5929.49 2527.52  324.011  204.278  324.073  204.309
15 1 1 5899.19 2502.43  297.479  193.079  297.402  193.074
31 1 1 5875.00 2476.71  273.316  167.192  273.314  167.424
 7 1 1 5822.41 2458.03  206.676  152.528  206.417  152.500
27 1 1 5883.32 2585.77  277.513  262.765  277.443  262.787
23 1 1 5828.31 2519.75  212.561  214.308  212.622  214.249
31 1 1 5837.95 2479.73  236.111  170.254  235.975  170.289
27 1 1 5805.48 2532.90  199.426  209.765  199.436  209.963
11 1 1 5814.15 2401.18  208.344   77.826  208.320   77.675
 3 1 1 5932.05 2406.39  312.969   86.847  312.800   86.716
19 1 1 5893.97 2439.26  274.760  119.726  274.721  119.469
31 1 1 5869.47 2484.81  267.753  175.328  267.782  175.366
19 1 1 5813.77 2441.63  194.243  122.171  194.281  122.192
31 1 1 5874.14 2490.26  272.430  180.787  272.455  180.647
19 1 1 5881.30 2443.05  262.025  123.545  261.816  123.491
11 1 1 5932.05 2406.39  326.699   82.925  326.650   82.753
15 1 1 5916.52 2502.41  314.895  193.044  314.808  192.882
31 1 1 5853.54 2492.57  251.733  183.118  251.743  183.198
19 1 1 5834.55 2447.76  215.090  128.304  215.014  128.405
11 1 1 5880.18 2413.49  274.596   90.098  274.605   89.971
27 1 1 5822.17 2537.41  216.173  214.281  216.193  214.253
 7 1 1 5807.85 2459.37  192.058  153.883  192.032  153.831
15 1 1 5792.85 2527.31  190.601  218.122  190.606  218.177
19 1 1 5822.41 2458.03  202.872  138.602  202.859  138.587
 3 1 1 5880.18 2413.49  260.869   94.026  260.913   93.966
27 1 1 5783.29 2540.20  177.127  217.088  177.061  217.171
 3 1 1 5800.44 2420.12  180.821  100.756  180.640  100.993
19 1 1 5807.85 2459.37  188.259  139.959  188.220  139.987
23 1 1 5841.48 2523.97  225.777  218.539  225.798  218.472
27 1 1 5797.86 2582.62  191.657  259.636  191.756  259.620
 3 1 1 5823.78 2420.15  204.237  100.765  204.107  100.728
15 1 1 5878.14 2539.63  276.263  230.416  276.158  230.527
 7 1 1 5938.80 2461.25  323.574  155.679  323.584  155.669
27 1 1 5858.59 2542.54  252.745  219.405  252.778  219.472
 7 1 1 5921.81 2463.99  306.495  158.440  306.674  158.362
 3 1 1 5911.25 2429.81  292.045  110.349  291.800  110.198
23 1 1 5882.66 2525.17  267.140  219.717  267.170  219.631
15 1 1 5893.61 2540.03  291.804  230.801  291.853  230.763
 3 1 1 5887.48 2435.77  268.164  116.355  268.299  116.330
31 1 1 5919.22 2491.97  317.705  182.469  317.712  182.533
27 1 1 5920.61 2551.85  315.046  228.693  315.140  228.823
11 1 1 5844.53 2469.70  238.685  146.477  238.660  146.721
 7 1 1 5831.40 2468.56  215.684  163.080  215.696  163.108
11 1 1 5815.53 2425.41  209.667  102.107  209.588  102.118
 3 1 1 5893.97 2439.26  274.678  119.842  274.431  119.614
 7 1 1 5849.26 2476.83  233.596  171.367  233.454  171.392
11 1 1 5911.25 2429.81  305.772  106.424  305.792  106.456
 3 1 1 5813.77 2441.63  194.145  122.302  194.084  122.304
23 1 1 5802.30 2529.34  186.415  223.937  186.426  224.024
27 1 1 5921.35 2560.39  315.778  237.269  315.597  237.348
23 1 1 5885.22 2530.47  269.705  225.025  269.688  224.943
 3 1 1 5881.30 2443.05  261.941  123.662  261.738  123.548
31 1 1 5836.23 2493.29  234.349  183.845  234.328  183.814
27 1 1 5796.68 2570.04  190.504  247.018  190.584  247.047
19 1 1 5938.80 2461.25  319.737  141.729  319.788  141.732
 3 1 1 5898.44 2569.09  278.926  250.044  278.793  250.231
11 1 1 5887.48 2435.77  281.889  112.428  281.881  112.705
 3 1 1 5807.85 2459.37  188.162  140.089  188.432  139.941
23 1 1 5796.25 2531.67  180.342  226.276  180.419  226.296
11 1 1 5893.97 2439.26  288.402  115.916  288.210  115.697
 3 1 1 5938.80 2461.25  319.665  141.837  319.710  141.691
 7 1 1 5837.95 2479.73  222.236  174.282  222.284  174.197
11 1 1 5813.77 2441.63  207.865  118.366  207.805  118.375
23 1 1 5891.85 2534.16  276.353  228.722  276.324  228.581
 7 1 1 5853.54 2492.57  237.858  187.146  237.898  187.142
 3 1 1 5921.81 2463.99  302.590  144.604  302.808  144.493
19 1 1 5921.81 2463.99  302.664  144.494  302.738  144.533
11 1 1 5881.30 2443.05  275.665  119.735  275.413  119.767
23 1 1 5936.21 2538.05  320.922  232.591  320.844  232.344
11 1 1 5834.55 2447.76  228.718  124.496  228.708  124.626
15 1 1 5788.92 2540.59  186.622  231.433  186.762  231.719
 7 1 1 5919.22 2491.97  303.836  186.507  303.851  186.585
19 1 1 5831.40 2468.56  211.879  149.154  211.898  149.082
11 1 1 5826.56 2441.16  220.710  117.881  220.511  117.674
27 1 1 5847.97 2571.82  242.020  248.781  241.905  248.774
 7 1 1 5787.12 2494.76  171.154  189.361  170.968  189.693
19 1 1 5849.26 2476.83  229.787  157.437  229.700  157.457
11 1 1 5807.85 2459.37  201.880  136.152  201.952  136.281
 3 1 1 5831.40 2468.56  211.789  149.277  211.748  149.371
23 1 1 5840.17 2541.00  224.425  235.619  224.296  235.736
31 1 1 5787.12 2494.76  185.039  185.339  184.953  185.446
19 1 1 5875.00 2476.71  255.629  157.290  255.736  157.416
23 1 1 5856.44 2548.21  240.753  242.848  240.716  242.828
 7 1 1 5865.67 2494.82  250.037  189.394  250.103  189.368
15 1 1 5797.79 2546.56  195.517  237.421  195.570  237.618
31 1 1 5865.67 2494.82  263.912  185.364  264.092  185.329
23 1 1 5888.78 2548.82  273.244  243.433  273.227  243.621
31 1 1 5876.61 2494.41  274.902  184.945  274.936  184.942
 7 1 1 5876.61 2494.41  261.029  188.976  260.882  189.070
15 1 1 5833.86 2546.23  231.760  237.067  231.753  237.114
27 1 1 5878.72 2576.33  272.908  253.288  272.837  253.345
15 1 1 5932.30 2549.70  330.681  240.474  330.704  240.549
 3 1 1 5849.26 2476.83  229.702  157.556  229.615  157.603
31 1 1 5867.43 2498.08  265.674  188.632  265.643  188.638
15 1 1 5886.06 2555.66  284.185  246.496  284.118  246.530
27 1 1 5915.57 2582.04  309.930  258.998  310.010  259.116
15 1 1 5929.55 2557.60  327.901  248.398  327.833  248.247
23 1 1 5876.96 2557.67  261.346  252.326  261.267  252.487
27 1 1 5907.41 2583.73  301.720  260.697  301.747  260.772
 7 1 1 5867.43 2498.08  251.799  192.661  251.799  192.571
15 1 1 5935.77 2558.73  334.156  249.529  334.255  249.390
 7 1 1 5862.03 2499.48  246.364  194.068  246.204  194.021
19 1 1 5837.95 2479.73  218.431  160.354  218.480  160.459
27 1 1 5806.46 2587.43  200.277  264.456  200.308  264.479
15 1 1 5921.57 2565.83  319.866  256.669  319.909  256.814
 3 1 1 5837.95 2479.73  218.344  160.475  218.483  160.592
23 1 1 5867.96 2565.23  252.295  259.916  252.238  259.845
27 1 1 5896.51 2408.57  291.091   85.032  290.979   84.917
15 1 1 5845.81 2566.57  243.718  257.474  243.602  257.387
19 1 1 5869.47 2484.81  250.067  165.425  250.114  165.635
31 1 1 5862.03 2499.48  260.241  190.040  260.170  190.056
23 1 1 5883.45 2570.70  267.846  265.390  267.835  265.402
 3 1 1 5874.14 2490.26  254.665  170.996  254.611  170.936
27 1 1 5906.83 2407.98  301.448   84.426  301.452   84.274
 3 1 1 5853.54 2492.57  233.968  173.331  234.031  173.458
19 1 1 5874.14 2490.26  254.744  170.883  254.749  170.895
11 1 1 5938.80 2461.25  333.390  137.917  333.517  137.856
 7 1 1 5873.70 2512.44  258.059  207.064  258.046  207.237
31 1 1 5873.70 2512.44  271.936  203.036  271.851  203.096
 7 1 1 5915.96 2517.57  300.511  212.185  300.475  212.313
19 1 1 5853.54 2492.57  234.051  173.216  234.045  173.194
23 1 1 5902.42 2572.04  286.912  266.725  286.967  266.763
19 1 1 5919.22 2491.97  300.012  172.562  299.940  172.487
31 1 1 5915.96 2517.57  314.386  208.150  314.431  208.210
 7 1 1 5870.46 2526.67  254.777  221.341  254.497  221.484
11 1 1 5921.81 2463.99  316.313  140.681  316.487  140.643
 7 1 1 5929.49 2527.52  314.093  222.158  314.181  222.245
15 1 1 5871.59 2568.81  269.618  259.703  269.755  259.825
23 1 1 5798.06 2573.23  182.054  267.964  182.160  268.017
31 1 1 5860.40 2526.47  258.547  217.115  258.539  217.119
15 1 1 5797.33 2587.16  194.961  278.149  194.959  278.179
31 1 1 5870.46 2526.67  268.658  217.315  268.685  217.371
19 1 1 5836.23 2493.29  216.669  173.944  216.652  173.933
 3 1 1 5919.22 2491.97  299.940  172.669  299.833  172.734
 7 1 1 5805.48 2532.90  189.481  227.608  189.515  227.582
19 1 1 5787.12 2494.76  167.367  175.441  167.275  175.497
 7 1 1 5822.17 2537.41  206.231  232.128  206.329  232.166
23 1 1 5867.64 2573.85  251.950  268.563  251.797  268.576
19 1 1 5865.67 2494.82  246.227  175.461  246.426  175.470
15 1 1 5814.15 2401.18  212.274   91.660  212.410   91.562
19 1 1 5876.61 2494.41  257.215  175.041  257.181  175.156
15 1 1 5880.18 2413.49  278.534  103.921  278.575  103.895
31 1 1 5929.49 2527.52  327.970  218.121  328.068  218.124
23 1 1 5936.02 2575.76  320.671  270.434  320.432  270.374
27 1 1 5909.15 2410.60  303.771   87.052  303.870   86.884
11 1 1 5831.40 2468.56  225.508  145.343  225.459  145.379
 3 1 1 5836.23 2493.29  216.583  174.063  216.618  174.147
11 1 1 5849.26 2476.83  243.420  153.624  243.326  153.681
15 1 1 5903.58 2414.61  302.033  105.023  302.188  105.171
 3 1 1 5930.88 2497.95  311.646  178.649  311.539  178.539
27 1 1 5796.22 2423.95  190.395  100.534  190.355  100.528
 3 1 1 5865.67 2494.82  246.147  175.574  246.160  175.580
15 1 1 5847.30 2499.65  245.356  190.341  245.287  190.324
 3 1 1 5876.61 2494.41  257.138  175.153  257.089  175.136
11 1 1 5875.00 2476.71  269.268  153.476  269.289  153.619
27 1 1 5881.96 2426.42  276.445  102.936  276.471  102.948
11 1 1 5837.95 2479.73  232.061  156.542  232.076  156.523
27 1 1 5798.14 2443.36  192.279  119.988  192.151  120.085
15 1 1 5823.78 2420.15  221.894  110.664  221.950  110.575
27 1 1 5926.15 2446.38  320.790  122.896  320.823  122.778
 3 1 1 5867.43 2498.08  247.910  178.841  247.913  178.769
23 1 1 5820.56 2580.89  204.635  275.641  204.563  275.774
11 1 1 5874.14 2490.26  268.383  167.068  268.669  166.906
 3 1 1 5862.03 2499.48  242.477  180.250  242.292  180.277
23 1 1 5818.64 2584.78  202.699  279.546  202.719  279.533
15 1 1 5815.53 2425.41  213.601  115.943  213.585  115.926
 7 1 1 5863.67 2540.34  247.915  235.056  247.894  234.761
31 1 1 5833.45 2528.44  231.479  219.105  231.356  219.033
11 1 1 5853.54 2492.57  247.685  169.401  247.705  169.478
31 1 1 5805.48 2532.90  203.370  223.590  203.414  223.573
 3 1 1 5915.96 2517.57  296.623  198.345  296.598  198.441
23 1 1 5880.32 2403.25  265.033   97.452  265.075   97.519
31 1 1 5822.17 2537.41  220.119  228.109  220.079  228.151
 3 1 1 5860.40 2526.47  240.786  207.319  240.676  207.446
27 1 1 5811.32 2448.03  205.495  124.661  205.412  124.634
31 1 1 5783.29 2540.20  181.068  230.910  181.101  230.932
23 1 1 5812.84 2406.51  197.299  100.778  197.347  100.734
 3 1 1 5870.46 2526.67  250.897  207.517  250.857  207.557
15 1 1 5875.48 2428.76  273.789  119.236  273.941  119.008
23 1 1 5804.95 2407.23  189.383  101.507  189.245  101.406
 7 1 1 5858.59 2542.54  242.809  237.263  242.847  237.315
23 1 1 5826.25 2407.47  210.754  101.734  210.731  101.742
31 1 1 5898.44 2569.09  296.684  259.855  296.771  260.055
19 1 1 5867.43 2498.08  247.989  178.728  248.005  178.713
 3 1 1 5929.49 2527.52  310.208  208.312  310.278  208.405
 7 1 1 5920.61 2551.85  305.118  246.571  305.277  246.605
15 1 1 5911.25 2429.81  309.716  120.245  309.615  120.214
23 1 1 5810.75 2535.58  194.893  230.195  195.053  230.243
11 1 1 5919.22 2491.97  313.660  168.746  313.708  168.653
23 1 1 5801.50 2415.21  185.902  109.503  185.995  109.489
31 1 1 5858.59 2542.54  256.694  233.239  256.727  233.288
15 1 1 5887.48 2435.77  285.832  126.254  285.882  126.451
23 1 1 5812.08 2419.85  196.505  114.152  196.322  113.984
 7 1 1 5921.35 2560.39  305.846  255.148  305.447  255.123
23 1 1 5892.10 2420.69  276.826  114.929  276.820  114.848
19 1 1 5862.03 2499.48  242.556  180.136  242.517  180.132
 3 1 1 5833.45 2528.44  213.718  209.316  213.992  209.231
23 1 1 5791.64 2425.17  175.985  119.494  175.891  119.482
 7 1 1 5878.72 2576.33  262.964  271.153  262.912  271.120
 3 1 1 5805.48 2532.90  185.610  213.807  185.639  214.051
11 1 1 5836.23 2493.29  230.299  170.131  230.265  170.127
23 1 1 5918.21 2428.01  303.032  122.238  303.167  122.114
 3 1 1 5783.29 2540.20  163.309  221.133  163.364  221.174
31 1 1 5920.61 2551.85  319.001  242.538  319.058  242.530
23 1 1 5856.12 2428.41  240.687  122.697  240.729  122.631
27 1 1 5834.17 2451.34  228.425  127.967  228.396  127.967
15 1 1 5813.77 2441.63  211.802  132.204  211.819  132.210
19 1 1 5873.70 2512.44  254.250  193.130  254.257  193.153
23 1 1 5932.77 2431.02  317.643  125.240  317.648  125.201
19 1 1 5915.96 2517.57  296.693  198.240  296.678  198.290
11 1 1 5787.12 2494.76  180.985  171.632  180.767  171.771
23 1 1 5854.51 2432.29  239.069  126.586  239.191  126.516
27 1 1 5922.37 2454.32  316.974  130.863  316.990  130.817
 7 1 1 5915.57 2582.04  299.990  276.875  300.068  276.935
 3 1 1 5863.67 2540.34  244.041  221.232  243.924  220.912
31 1 1 5921.35 2560.39  319.731  251.115  319.583  251.090
15 1 1 5881.30 2443.05  279.609  133.562  279.434  133.599
 7 1 1 5907.41 2583.73  291.777  278.571  291.788  278.740
31 1 1 5796.68 2570.04  194.443  260.845  194.605  260.783
11 1 1 5865.67 2494.82  259.864  171.646  259.808  171.675
15 1 1 5834.55 2447.76  232.659  138.331  232.447  138.358
 3 1 1 5858.59 2542.54  238.935  223.441  238.968  223.506
 7 1 1 5796.22 2423.95  180.475  118.381  180.483  118.195
11 1 1 5876.61 2494.41  270.855  171.226  270.901  171.200
23 1 1 5821.67 2433.15  206.097  127.473  206.210  127.541
 7 1 1 5881.96 2426.42  266.547  120.803  266.718  120.719
 3 1 1 5920.61 2551.85  301.241  232.726  301.312  232.613
15 1 1 5822.41 2458.03  220.439  148.632  220.431  148.288
 3 1 1 5868.97 2474.22  249.498  154.919  249.641  155.079
11 1 1 5867.43 2498.08  261.627  174.912  261.575  174.834
 7 1 1 5798.14 2443.36  182.355  137.834  182.313  137.625
19 1 1 5860.40 2526.47  240.864  207.208  240.819  207.175
31 1 1 5847.97 2571.82  245.965  262.617  246.077  262.593
19 1 1 5870.46 2526.67  250.973  207.407  250.919  207.323
11 1 1 5862.03 2499.48  256.193  176.321  256.109  176.344
19 1 1 5929.49 2527.52  310.275  208.209  310.289  208.216
31 1 1 5878.72 2576.33  276.856  267.128  276.791  267.116
19 1 1 5833.45 2528.44  213.800  209.200  214.030  209.372
31 1 1 5915.57 2582.04  313.881  272.845  314.052  272.879
 3 1 1 5878.72 2576.33  259.099  257.320  258.978  257.255
19 1 1 5805.48 2532.90  185.696  213.687  185.634  213.641
31 1 1 5907.41 2583.73  305.669  274.543  305.713  274.523
19 1 1 5822.17 2537.41  202.442  218.204  202.419  218.259
31 1 1 5806.46 2587.43  204.215  278.287  204.274  278.367
27 1 1 5859.37 2458.55  253.702  135.169  253.684  135.116
31 1 1 5852.58 2405.65  250.962   95.964  250.997   95.899
27 1 1 5892.92 2462.46  287.389  139.064  287.400  138.962
23 1 1 5936.01 2433.49  320.898  127.711  320.920  127.488
19 1 1 5783.29 2540.20  163.398  221.008  163.399  220.993
 7 1 1 5926.15 2446.38  310.897  140.775  310.850  141.027
23 1 1 5837.56 2436.37  222.044  130.693  222.031  130.596
31 1 1 5896.51 2408.57  295.058   98.859  295.205   98.754
19 1 1 5797.86 2582.62  177.923  263.556  177.879  263.635
23 1 1 5794.61 2446.35  178.909  140.720  178.741  140.626
15 1 1 5807.85 2459.37  205.820  149.993  205.706  150.004
 7 1 1 5811.32 2448.03  195.574  142.510  195.504  142.609
27 1 1 5782.88 2475.70  176.880  152.411  176.847  152.448
 7 1 1 5834.17 2451.34  218.509  145.821  218.443  145.787
23 1 1 5935.04 2531.20  319.761  225.720  319.870  225.621
15 1 1 5938.80 2461.25  337.343  151.736  337.474  151.637
 3 1 1 5915.57 2582.04  296.123  263.028  296.214  263.002
19 1 1 5858.59 2542.54  239.012  223.331  239.016  223.349
27 1 1 5818.40 2479.88  212.523  156.589  212.528  156.548
 3 1 1 5789.78 2502.98  169.919  183.815  169.589  183.889
19 1 1 5920.61 2551.85  301.308  232.624  301.322  232.680
27 1 1 5880.79 2481.83  275.163  158.492  275.437  158.480
 3 1 1 5796.22 2423.95  176.569  104.595  176.543  104.474
19 1 1 5800.71 2587.51  180.768  268.465  180.661  268.349
27 1 1 5793.56 2482.67  187.582  159.403  187.735  159.507
19 1 1 5796.68 2570.04  176.771  250.939  176.871  250.947
 3 1 1 5881.96 2426.42  262.633  106.985  262.838  107.007
27 1 1 5807.41 2485.27  201.478  161.997  201.495  161.878
 3 1 1 5798.14 2443.36  178.456  124.045  178.224  124.127
 7 1 1 5922.37 2454.32  307.078  148.741  307.004  148.976
19 1 1 5847.97 2571.82  228.285  252.706  228.257  252.726
15 1 1 5921.81 2463.99  320.265  154.504  320.188  154.510
 7 1 1 5892.92 2462.46  277.484  156.932  277.861  156.957
 3 1 1 5926.15 2446.38  306.985  126.939  307.002  126.865
 7 1 1 5880.79 2481.83  265.250  176.356  265.612  176.212
15 1 1 5831.40 2468.56  229.452  159.181  229.425  159.308
23 1 1 5781.63 2461.34  165.841  155.762  165.769  155.944
19 1 1 5878.72 2576.33  259.171  257.215  259.109  257.213
 7 1 1 5807.41 2485.27  191.547  179.842  191.738  179.845
15 1 1 5849.26 2476.83  247.368  167.460  247.244  167.531
11 1 1 5873.70 2512.44  267.889  189.313  267.893  189.347
19 1 1 5915.57 2582.04  296.190  262.928  296.279  262.980
11 1 1 5915.96 2517.57  310.340  194.422  310.382  194.399
15 1 1 5916.94 2533.55  315.261  224.283  315.199  224.282
19 1 1 5907.41 2583.73  287.980  264.626  287.987  264.612
11 1 1 5860.40 2526.47  254.500  203.390  254.329  203.350
15 1 1 5874.14 2490.26  272.336  180.902  272.302  180.804
23 1 1 5817.68 2463.85  202.024  158.252  202.288  158.247
15 1 1 5853.54 2492.57  251.636  183.238  251.475  183.258
 7 1 1 5858.58 2488.67  242.931  183.228  243.063  183.245
11 1 1 5870.46 2526.67  264.611  203.589  264.743  203.584
 3 1 1 5811.32 2448.03  191.674  128.716  191.587  128.742
31 1 1 5906.83 2407.98  305.417   98.254  305.615   98.172
 3 1 1 5834.17 2451.34  214.608  132.018  214.787  131.956
11 1 1 5929.49 2527.52  323.924  204.391  323.978  204.401
 7 1 1 5793.33 2497.60  177.376  192.213  177.215  191.994
11 1 1 5805.48 2532.90  199.319  209.871  199.518  210.060
31 1 1 5909.15 2410.60  307.740  100.880  307.638  100.740
19 1 1 5806.46 2587.43  186.543  268.377  186.578  268.333
 3 1 1 5922.37 2454.32  303.169  134.906  303.297  134.887
11 1 1 5822.17 2537.41  216.069  214.387  216.107  214.324
27 1 1 5858.58 2488.67  252.851  165.370  252.841  165.486
19 1 1 5852.58 2405.65  233.277   86.072  233.344   85.951
23 1 1 5784.77 2466.46  168.980  160.893  168.953  160.728
27 1 1 5871.64 2492.19  265.958  168.893  265.940  168.983
31 1 1 5796.22 2423.95  194.350  114.347  194.295  114.362
27 1 1 5793.33 2497.60  187.314  174.371  187.224  174.382
15 1 1 5919.22 2491.97  317.618  182.573  317.619  182.372
23 1 1 5839.36 2474.73  223.759  169.158  223.690  169.104
27 1 1 5842.36 2500.44  236.538  177.185  236.489  177.203
23 1 1 5938.35 2474.05  323.184  168.383  323.159  168.378
 3 1 1 5892.92 2462.46  273.581  143.107  273.500  143.110
27 1 1 5935.83 2579.80  330.292  256.735  330.222  256.747
31 1 1 5881.96 2426.42  280.409  116.762  280.406  116.709
27 1 1 5870.22 2504.26  264.506  181.000  264.552  181.086
 3 1 1 5818.40 2479.88  198.707  160.637  198.783  160.688
27 1 1 5879.56 2505.85  273.882  182.584  273.794  182.550
11 1 1 5783.29 2540.20  177.016  217.194  177.033  217.171
23 1 1 5781.28 2577.92  165.184  272.675  165.195  272.521
31 1 1 5798.14 2443.36  196.232  133.803  196.260  133.761
23 1 1 5871.68 2576.06  256.005  270.776  256.043  270.692
 3 1 1 5863.22 2529.81  243.613  210.665  243.947  210.527
23 1 1 5823.49 2487.02  207.802  181.487  207.681  181.561
 3 1 1 5807.41 2485.27  187.660  166.046  187.736  166.154
 7 1 1 5842.36 2500.44  226.611  195.038  226.543  195.117
23 1 1 5846.09 2490.45  230.482  184.910  230.468  184.880
 7 1 1 5870.22 2504.26  254.584  198.861  254.491  199.013
23 1 1 5885.57 2491.60  270.131  186.043  270.317  186.005
 7 1 1 5879.56 2505.85  263.962  200.448  263.932  200.410
11 1 1 5863.67 2540.34  257.752  217.304  257.774  216.931
31 1 1 5926.15 2446.38  324.757  136.731  324.797  136.598
23 1 1 5792.15 2493.21  176.324  187.711  176.530  187.820
11 1 1 5858.59 2542.54  252.647  219.512  252.697  219.668
19 1 1 5896.51 2408.57  277.366   88.963  277.504   88.853
23 1 1 5847.30 2499.65  231.681  194.138  231.672  194.157
11 1 1 5921.35 2560.39  315.685  237.380  315.592  237.731
27 1 1 5865.41 2509.18  259.662  185.934  259.790  185.821
31 1 1 5811.32 2448.03  209.449  138.479  209.533  138.461
11 1 1 5796.68 2570.04  190.392  247.121  190.431  247.440
19 1 1 5906.83 2407.98  287.723   88.357  287.649   88.364
11 1 1 5878.72 2576.33  272.808  253.394  272.769  253.456
15 1 1 5836.23 2493.29  234.249  183.970  234.295  183.982
27 1 1 5862.03 2512.29  256.263  189.063  256.121  189.001
15 1 1 5787.12 2494.76  184.930  185.479  184.825  185.392
 3 1 1 5789.84 2571.77  169.806  252.791  169.761  252.965
27 1 1 5915.02 2512.79  309.497  189.517  309.529  189.509
31 1 1 5834.17 2451.34  232.381  141.789  232.320  141.676
 3 1 1 5871.64 2492.19  252.149  172.933  252.076  173.048
23 1 1 5886.27 2499.21  270.818  193.674  270.671  193.684
31 1 1 5922.37 2454.32  320.939  144.699  321.098  144.678
23 1 1 5911.29 2499.62  295.952  194.064  295.953  194.195
19 1 1 5909.15 2410.60  290.046   90.983  290.106   91.070
 3 1 1 5842.36 2500.44  222.726  181.227  222.660  181.141
23 1 1 5789.78 2502.98  173.915  197.507  173.817  197.222
 7 1 1 5862.03 2512.29  246.337  206.922  246.221  206.940
23 1 1 5831.69 2512.41  215.969  206.944  215.928  207.128
27 1 1 5828.31 2519.75  222.383  196.561  222.393  196.597
11 1 1 5915.57 2582.04  309.833  259.107  309.991  259.334
27 1 1 5841.48 2523.97  235.599  200.791  235.570  200.883
23 1 1 5921.86 2519.60  306.542  214.091  306.599  214.023
27 1 1 5802.30 2529.34  196.239  206.192  196.193  206.181
11 1 1 5907.41 2583.73  301.621  260.805  301.652  260.782
27 1 1 5885.22 2530.47  279.524  207.273  279.491  207.194
15 1 1 5865.67 2494.82  263.817  185.481  263.813  185.536
31 1 1 5859.37 2458.55  257.661  148.995  257.650  148.875
15 1 1 5876.61 2494.41  274.809  185.059  274.910  185.024
27 1 1 5796.25 2531.67  190.166  208.532  190.193  208.791
15 1 1 5867.43 2498.08  265.581  188.747  265.503  188.790
31 1 1 5892.92 2462.46  291.350  152.895  291.422  152.823
 7 1 1 5915.02 2512.79  299.581  207.392  299.643  207.409
27 1 1 5891.85 2534.16  286.172  210.968  286.251  210.913
15 1 1 5862.03 2499.48  260.146  190.157  260.084  190.131
23 1 1 5863.22 2529.81  247.602  224.378  247.452  224.279
19 1 1 5796.22 2423.95  176.675  104.457  176.735  104.459
27 1 1 5936.21 2538.05  330.740  214.833  330.676  214.730
19 1 1 5881.96 2426.42  262.720  106.865  262.744  106.888
27 1 1 5840.17 2541.00  234.247  217.870  234.207  217.851
19 1 1 5798.14 2443.36  178.557  123.911  178.641  123.698
27 1 1 5856.44 2548.21  250.575  225.096  250.558  225.125
19 1 1 5926.15 2446.38  307.061  126.828  307.067  126.655
27 1 1 5888.78 2548.82  283.064  225.679  283.110  225.709
19 1 1 5811.32 2448.03  191.772  128.585  191.708  128.544
27 1 1 5876.96 2557.67  271.168  234.572  271.177  234.629
 3 1 1 5870.22 2504.26  250.697  185.040  250.821  185.189
19 1 1 5834.17 2451.34  214.700  131.893  214.765  131.934
11 1 1 5796.22 2423.95  190.290  100.656  190.429  100.619
 7 1 1 5828.31 2519.75  212.447  214.411  212.648  214.355
23 1 1 5800.49 2532.29  184.600  226.891  184.516  226.896
19 1 1 5922.37 2454.32  303.244  134.795  303.368  134.853
15 1 1 5873.70 2512.44  271.847  203.148  271.755  203.380
31 1 1 5782.88 2475.70  180.828  166.227  180.855  166.236
15 1 1 5915.96 2517.57  314.303  208.252  314.410  208.316
19 1 1 5859.37 2458.55  239.976  139.096  240.031  139.070
15 1 1 5860.40 2526.47  258.458  217.230  258.453  217.136
31 1 1 5818.40 2479.88  216.475  170.411  216.474  170.339
23 1 1 5838.24 2533.80  222.501  228.397  222.424  228.693
31 1 1 5880.79 2481.83  279.121  172.323  279.065  172.382
11 1 1 5881.96 2426.42  276.359  103.057  276.398  103.065
 7 1 1 5841.48 2523.97  225.665  218.644  225.928  218.772
23 1 1 5916.94 2533.55  301.567  228.096  301.615  228.063
11 1 1 5798.14 2443.36  192.175  120.107  192.037  120.037
19 1 1 5892.92 2462.46  273.660  142.994  273.591  143.050
 7 1 1 5882.66 2525.17  267.033  219.830  266.807  219.615
 3 1 1 5879.56 2505.85  260.075  186.623  259.923  186.627
31 1 1 5793.56 2482.67  191.530  173.221  191.438  173.219
 7 1 1 5802.30 2529.34  186.294  224.035  186.350  223.952
31 1 1 5807.41 2485.27  205.427  175.818  205.438  176.004
 3 1 1 5827.08 2507.42  207.366  188.242  207.462  188.085
23 1 1 5813.46 2535.93  197.612  230.541  197.724  230.543
11 1 1 5926.15 2446.38  320.710  123.017  320.650  122.939
 7 1 1 5885.22 2530.47  269.597  225.139  269.672  225.092
23 1 1 5880.44 2536.88  264.886  231.461  264.881  231.533
19 1 1 5782.88 2475.70  163.156  156.333  163.072  156.311
 7 1 1 5891.85 2534.16  276.245  228.836  276.136  228.839
15 1 1 5929.49 2527.52  327.890  218.220  327.900  218.284
19 1 1 5818.40 2479.88  198.797  160.513  198.673  160.556
 7 1 1 5936.21 2538.05  320.819  232.716  320.534  232.509
11 1 1 5811.32 2448.03  205.394  124.779  205.394  124.831
31 1 1 5858.58 2488.67  256.806  179.199  257.045  179.165
11 1 1 5922.37 2454.32  316.893  130.983  317.130  130.994
27 1 1 5867.96 2565.23  262.118  242.163  262.059  242.194
31 1 1 5871.64 2492.19  269.914  182.724  269.945  182.778
 3 1 1 5862.03 2512.29  242.454  193.102  242.341  192.986
19 1 1 5880.79 2481.83  261.433  162.420  261.606  162.334
31 1 1 5793.33 2497.60  191.260  188.191  191.298  188.342
 3 1 1 5915.02 2512.79  295.692  193.553  295.754  193.589
19 1 1 5793.56 2482.67  173.857  163.325  173.810  163.416
27 1 1 5883.45 2570.70  277.668  247.635  277.626  247.663
 7 1 1 5840.17 2541.00  224.307  235.723  223.991  235.915
23 1 1 5808.65 2539.58  192.776  234.204  192.875  234.236
27 1 1 5902.42 2572.04  296.733  248.968  296.800  249.007
 7 1 1 5856.44 2548.21  240.636  242.954  240.526  243.092
15 1 1 5863.22 2529.81  261.286  220.575  261.170  220.682
11 1 1 5892.92 2462.46  287.303  139.181  287.554  139.079
 3 1 1 5828.31 2519.75  208.569  200.603  208.207  200.671
23 1 1 5913.81 2542.13  298.406  236.707  298.453  236.806
19 1 1 5807.41 2485.27  187.752  165.920  187.853  165.855
31 1 1 5842.36 2500.44  240.490  191.012  240.399  191.015
15 1 1 5822.17 2537.41  220.026  228.234  219.990  228.331
11 1 1 5819.14 2547.93  213.009  224.939  212.867  224.905
31 1 1 5830.20 2503.63  228.270  194.226  228.200  194.360
15 1 1 5783.29 2540.20  180.970  231.047  180.864  230.973
31 1 1 5870.22 2504.26  268.460  194.832  268.479  194.959
23 1 1 5813.25 2543.30  197.380  237.941  197.269  238.218
15 1 1 5831.69 2512.41  229.643  203.149  229.541  203.318
 3 1 1 5841.48 2523.97  221.787  204.830  221.815  204.811
 7 1 1 5888.78 2548.82  273.132  243.546  273.193  243.688
27 1 1 5798.06 2573.23  191.881  250.217  191.824  250.191
 7 1 1 5876.96 2557.67  261.229  252.436  261.089  252.417
11 1 1 5818.40 2479.88  212.423  156.702  212.318  156.573
23 1 1 5934.17 2545.17  318.864  239.736  318.898  239.885
31 1 1 5879.56 2505.85  277.838  196.418  277.790  196.339
 3 1 1 5885.22 2530.47  265.717  211.308  265.495  211.140
15 1 1 5858.59 2542.54  256.609  233.354  256.636  233.429
 7 1 1 5883.45 2570.70  267.726  265.501  267.687  265.562
31 1 1 5827.08 2507.42  225.129  198.025  225.010  198.191
27 1 1 5867.64 2573.85  261.773  250.808  261.818  250.847
 3 1 1 5844.53 2469.70  224.966  150.409  224.871  150.346
19 1 1 5858.58 2488.67  239.122  169.297  239.146  169.263
 7 1 1 5818.64 2584.78  202.567  279.642  202.246  279.500
31 1 1 5865.41 2509.18  263.615  199.766  263.593  199.882
 7 1 1 5801.50 2415.21  185.802  109.618  185.842  109.525
27 1 1 5936.02 2575.76  330.491  252.672  330.574  252.717
19 1 1 5871.64 2492.19  252.228  172.820  252.340  172.760
 3 1 1 5891.85 2534.16  272.365  215.003  272.644  215.091
23 1 1 5819.14 2547.93  203.290  242.581  203.173  242.600
31 1 1 5862.03 2512.29  260.216  202.895  260.138  202.879
 7 1 1 5856.12 2428.41  240.597  122.816  240.605  122.636
23 1 1 5799.75 2551.64  183.805  246.303  183.664  246.268
31 1 1 5915.02 2512.79  313.455  203.357  313.452  203.488
11 1 1 5880.44 2536.88  274.612  213.817  274.430  213.934
 3 1 1 5936.21 2538.05  316.936  218.866  316.783  218.783
19 1 1 5793.33 2497.60  173.588  178.293  173.557  178.292
 3 1 1 5916.94 2533.55  297.580  214.374  297.675  214.344
19 1 1 5842.36 2500.44  222.809  181.110  222.865  181.157
 7 1 1 5837.56 2436.37  221.949  130.808  222.147  130.929
11 1 1 5807.41 2485.27  201.375  162.109  201.301  161.966
 7 1 1 5938.35 2474.05  323.098  168.513  323.040  168.344
31 1 1 5828.31 2519.75  226.331  210.389  226.226  210.466
 7 1 1 5925.21 2481.15  309.881  175.651  309.862  175.379
 3 1 1 5856.44 2548.21  236.765  229.132  236.646  229.176
15 1 1 5920.61 2551.85  318.924  242.637  318.893  242.701
31 1 1 5841.48 2523.97  239.548  214.621  239.563  214.722
11 1 1 5858.58 2488.67  252.757  165.483  252.833  165.675
27 1 1 5820.56 2580.89  214.461  257.891  214.422  257.798
15 1 1 5930.88 2497.95  329.326  188.553  329.497  188.568
 3 1 1 5888.78 2548.82  269.257  229.713  269.346  229.731
11 1 1 5871.64 2492.19  265.866  169.005  265.873  169.095
15 1 1 5796.68 2570.04  194.353  260.975  194.396  261.023
 3 1 1 5876.96 2557.67  257.359  238.606  257.322  238.759
15 1 1 5878.72 2576.33  276.779  267.236  276.826  267.230
27 1 1 5818.64 2584.78  212.526  261.795  212.590  261.810
 3 1 1 5883.45 2570.70  263.859  251.667  263.824  251.537
11 1 1 5793.33 2497.60  187.207  174.482  186.958  174.465
 3 1 1 5902.42 2572.04  282.925  252.999  282.772  253.212
27 1 1 5880.32 2403.25  274.845   79.711  274.897   79.752
11 1 1 5842.36 2500.44  236.441  177.295  236.383  177.595
 3 1 1 5798.06 2573.23  178.064  254.255  178.305  254.211
27 1 1 5812.84 2406.51  207.115   83.043  207.064   82.873
 3 1 1 5936.02 2575.76  316.685  256.703  316.666  256.780
11 1 1 5870.22 2504.26  264.413  181.111  264.696  181.356
27 1 1 5804.95 2407.23  199.199   83.773  199.286   83.589
 3 1 1 5818.64 2584.78  198.711  265.830  198.926  265.727
27 1 1 5826.25 2407.47  220.569   83.997  220.538   83.930
15 1 1 5915.57 2582.04  313.809  272.944  313.896  272.922
 3 1 1 5901.52 2411.72  282.300   92.228  282.411   92.227
11 1 1 5879.56 2505.85  273.791  182.696  273.730  182.695
15 1 1 5796.22 2423.95  194.222  114.495  194.283  114.467
11 1 1 5865.41 2509.18  259.568  186.045  259.773  186.091
27 1 1 5901.52 2411.72  296.110   88.178  296.070   88.403
15 1 1 5881.96 2426.42  280.300  116.882  280.237  116.826
 3 1 1 5881.31 2419.70  261.991  100.250  261.880  100.245
15 1 1 5798.14 2443.36  196.111  133.948  196.336  133.828
11 1 1 5862.03 2512.29  256.168  189.173  256.083  189.178
27 1 1 5801.50 2415.21  195.719   91.769  195.601   91.756
23 1 1 5787.32 2554.14  171.312  248.818  171.373  248.872
11 1 1 5915.02 2512.79  309.409  189.630  309.436  189.633
31 1 1 5882.66 2525.17  280.913  215.801  281.054  215.780
23 1 1 5815.17 2564.43  199.261  259.129  199.413  259.370
31 1 1 5802.30 2529.34  200.183  220.017  200.168  219.936
27 1 1 5812.08 2419.85  206.322   96.416  206.332   96.344
15 1 1 5868.97 2474.22  267.166  164.822  267.439  164.909
31 1 1 5885.22 2530.47  283.478  221.110  283.553  221.054
19 1 1 5830.20 2503.63  210.591  184.324  210.521  184.380
 3 1 1 5856.12 2428.41  236.686  109.008  236.490  108.797
11 1 1 5828.31 2519.75  222.282  196.669  222.452  196.684
31 1 1 5796.25 2531.67  194.110  222.356  193.925  222.345
23 1 1 5840.95 2575.60  225.128  270.335  225.196  270.532
19 1 1 5870.22 2504.26  250.775  184.928  250.721  184.924
 3 1 1 5837.56 2436.37  218.043  117.006  217.990  116.957
23 1 1 5784.31 2583.29  168.211  278.055  168.246  278.121
 7 1 1 5846.09 2490.45  230.378  185.019  230.281  184.936
 3 1 1 5839.36 2474.73  219.764  155.461  219.848  155.338
15 1 1 5811.32 2448.03  209.332  138.618  209.208  138.542
19 1 1 5879.56 2505.85  260.151  186.512  260.250  186.654
23 1 1 5854.98 2583.80  239.207  278.552  239.330  278.618
31 1 1 5891.85 2534.16  290.126  224.807  290.180  224.842
11 1 1 5841.48 2523.97  235.499  200.899  235.621  200.859
15 1 1 5844.53 2469.70  242.631  160.313  242.527  160.333
23 1 1 5859.56 2586.17  243.805  280.931  243.905  280.870
11 1 1 5882.66 2525.17  276.866  202.075  276.865  202.014
 7 1 1 5847.30 2499.65  231.575  194.247  231.161  194.313
19 1 1 5827.08 2507.42  207.451  188.123  207.315  188.228
 7 1 1 5911.29 2499.62  295.856  194.185  295.927  194.145
23 1 1 5888.81 2588.03  273.194  282.781  273.172  282.849
27 1 1 5881.31 2419.70  275.804   96.199  275.795   96.136
31 1 1 5936.21 2538.05  334.698  228.679  334.654  228.619
11 1 1 5885.22 2530.47  279.431  207.383  279.758  207.418
19 1 1 5865.41 2509.18  245.931  189.861  245.723  189.951
11 1 1 5936.21 2538.05  330.652  214.947  330.592  214.761
 7 1 1 5789.78 2502.98  173.798  197.607  173.673  197.820
11 1 1 5840.17 2541.00  234.146  217.977  234.066  218.100
 3 1 1 5938.35 2474.05  319.194  154.669  319.326  154.536
15 1 1 5880.79 2481.83  279.026  172.437  279.331  172.368
19 1 1 5862.03 2512.29  242.532  192.990  242.421  192.955
15 1 1 5793.56 2482.67  191.419  173.361  191.531  173.353
11 1 1 5856.44 2548.21  250.475  225.203  250.381  225.309
27 1 1 5892.10 2420.69  286.639   97.185  286.914   97.141
23 1 1 5793.02 2588.56  176.946  283.346  177.202  283.241
11 1 1 5888.78 2548.82  282.969  225.787  283.120  225.659
23 1 1 5916.82 2588.17  301.349  282.907  301.535  283.126
11 1 1 5876.96 2557.67  271.070  234.679  271.154  234.739
19 1 1 5915.02 2512.79  295.762  193.447  295.758  193.627
11 1 1 5867.96 2565.23  262.018  242.269  261.939  242.235
15 1 1 5858.58 2488.67  256.708  179.318  256.733  179.418
 3 1 1 5847.30 2499.65  227.688  180.434  227.785  180.548
27 1 1 5791.64 2425.17  185.803  101.760  185.735  101.808
 7 1 1 5863.22 2529.81  247.491  224.487  247.086  224.571
27 1 1 5918.21 2428.01  312.843  104.491  312.944  104.371
 3 1 1 5911.29 2499.62  291.963  180.349  291.959  180.419
15 1 1 5871.64 2492.19  269.819  182.839  269.758  182.893
15 1 1 5842.36 2500.44  240.392  191.135  240.584  191.092
15 1 1 5879.56 2505.85  277.748  196.530  277.545  196.555
15 1 1 5789.78 2502.98  187.578  193.725  187.654  193.678
31 1 1 5840.17 2541.00  238.194  231.702  238.143  231.616
11 1 1 5883.45 2570.70  277.569  247.742  277.434  247.806
 7 1 1 5844.53 2469.70  228.862  164.217  228.772  164.219
31 1 1 5856.44 2548.21  254.523  238.931  254.510  238.900
 7 1 1 5916.94 2533.55  301.462  228.216  301.584  228.258
31 1 1 5888.78 2548.82  287.016  239.518  287.064  239.670
27 1 1 5856.12 2428.41  250.502  104.956  250.562  104.936
23 1 1 5781.73 2407.08  166.084  101.366  165.994  101.448
31 1 1 5876.96 2557.67  275.117  248.411  275.114  248.445
 7 1 1 5835.73 2466.13  220.037  160.645  219.938  160.559
11 1 1 5798.06 2573.23  191.769  250.319  191.755  250.597
15 1 1 5862.03 2512.29  260.125  203.011  260.148  202.983
19 1 1 5828.31 2519.75  208.653  200.485  208.611  200.514
15 1 1 5915.02 2512.79  313.371  203.459  313.352  203.478
19 1 1 5841.48 2523.97  221.868  204.716  221.969  204.651
27 1 1 5932.77 2431.02  327.454  107.492  327.527  107.660
15 1 1 5828.31 2519.75  226.236  210.513  226.220  210.390
11 1 1 5818.64 2584.78  212.416  261.897  212.121  261.850
19 1 1 5882.66 2525.17  263.226  205.893  263.259  205.992
23 1 1 5842.83 2415.96  227.372  110.230  227.321  110.246
11 1 1 5801.50 2415.21  195.615   91.893  195.696   91.888
15 1 1 5841.48 2523.97  239.456  214.741  239.664  214.806
23 1 1 5869.70 2420.39  254.336  114.644  254.474  114.391
15 1 1 5882.66 2525.17  280.827  215.910  280.766  215.813
31 1 1 5867.96 2565.23  266.065  256.001  266.041  255.809
15 1 1 5802.30 2529.34  200.086  220.148  200.113  220.234
 7 1 1 5789.84 2571.77  173.662  266.591  173.570  266.835
23 1 1 5884.26 2433.24  268.929  127.516  268.790  127.757
15 1 1 5885.22 2530.47  283.393  221.218  283.563  220.939
11 1 1 5918.21 2428.01  312.763  104.615  312.784  104.600
31 1 1 5883.45 2570.70  281.616  261.476  281.609  261.480
15 1 1 5891.85 2534.16  290.043  224.913  290.176  224.879
31 1 1 5902.42 2572.04  300.683  262.812  300.676  262.929
19 1 1 5802.30 2529.34  182.510  210.114  182.537  210.104
31 1 1 5798.06 2573.23  195.820  264.045  195.856  264.057
19 1 1 5885.22 2530.47  265.790  211.201  265.806  211.162
31 1 1 5867.64 2573.85  265.719  264.647  265.891  264.693
11 1 1 5793.02 2588.56  186.659  265.698  186.651  265.542
19 1 1 5796.25 2531.67  176.437  212.454  176.396  212.469
11 1 1 5873.71 2450.48  268.035  127.181  268.026  127.010
31 1 1 5936.02 2575.76  334.445  266.522  334.403  266.590
11 1 1 5781.63 2461.34  175.554  138.142  175.398  138.179
19 1 1 5891.85 2534.16  272.438  214.897  272.438  214.923
31 1 1 5820.56 2580.89  218.402  271.723  218.439  271.668
15 1 1 5936.21 2538.05  334.621  228.775  334.591  228.480
27 1 1 5800.48 2432.34  194.650  108.946  194.554  109.019
23 1 1 5784.05 2434.35  168.341  128.699  168.126  128.660
15 1 1 5840.17 2541.00  238.106  231.821  238.179  231.657
31 1 1 5818.64 2584.78  216.466  275.627  216.524  275.604
19 1 1 5936.21 2538.05  317.002  218.765  317.013  218.633
15 1 1 5856.44 2548.21  254.438  239.045  254.402  239.026
31 1 1 5880.32 2403.25  278.811   93.534  278.721   93.375
15 1 1 5888.78 2548.82  286.936  239.625  287.001  239.756
31 1 1 5812.84 2406.51  211.074   96.856  211.089   97.083
11 1 1 5916.94 2533.55  311.295  210.452  311.447  210.313
15 1 1 5876.96 2557.67  275.036  248.519  274.903  248.395
31 1 1 5804.95 2407.23  203.157   97.586  203.064   97.538
15 1 1 5867.96 2565.23  265.985  256.111  265.865  256.045
27 1 1 5854.51 2432.29  248.884  108.845  248.847  108.986
11 1 1 5839.36 2474.73  233.482  151.529  233.645  151.338
31 1 1 5826.25 2407.47  224.529   97.813  224.547   97.783
19 1 1 5840.17 2541.00  220.515  221.795  220.389  221.808
31 1 1 5901.52 2411.72  300.078  102.006  299.995  101.950
15 1 1 5883.45 2570.70  281.539  261.582  281.341  261.531
23 1 1 5933.16 2434.49  318.034  128.717  317.963  128.716
19 1 1 5856.44 2548.21  236.841  229.022  236.781  228.962
11 1 1 5925.21 2481.15  319.702  157.890  319.729  157.835
19 1 1 5888.78 2548.82  269.329  229.607  269.313  229.625
11 1 1 5789.84 2571.77  183.510  248.854  183.254  249.134
31 1 1 5801.50 2415.21  199.676  105.582  199.745  105.544
23 1 1 5826.56 2441.16  210.990  135.502  210.842  135.338
11 1 1 5846.09 2490.45  240.205  167.276  240.284  167.248
23 1 1 5835.73 2466.13  220.138  160.534  219.897  160.375
15 1 1 5789.84 2571.77  187.471  262.710  187.456  262.882
11 1 1 5847.30 2499.65  241.404  176.503  241.223  176.508
31 1 1 5812.08 2419.85  210.279  110.231  210.239  110.195
11 1 1 5911.29 2499.62  305.682  176.426  305.734  176.631
31 1 1 5881.31 2419.70  279.769  110.024  279.890  109.904
19 1 1 5876.96 2557.67  257.432  238.499  257.470  238.601
31 1 1 5791.64 2425.17  189.757  115.572  189.666  115.604
19 1 1 5867.96 2565.23  248.382  246.089  248.301  245.984
27 1 1 5821.67 2433.15  215.914  109.735  215.846  109.553
19 1 1 5883.45 2570.70  263.931  251.562  263.918  251.620
15 1 1 5798.06 2573.23  195.731  264.174  195.735  264.397
27 1 1 5936.01 2433.49  330.708  109.962  330.824  110.145
11 1 1 5789.78 2502.98  183.631  179.876  183.481  179.812
27 1 1 5837.56 2436.37  231.860  112.953  231.927  112.931
19 1 1 5798.06 2573.23  178.148  254.138  178.125  254.103
15 1 1 5911.29 2499.62  309.641  190.254  309.713  190.432
19 1 1 5867.64 2573.85  248.036  254.735  248.052  254.650
23 1 1 5844.53 2469.70  228.962  164.106  228.945  164.104
19 1 1 5936.02 2575.76  316.750  256.604  316.637  256.560
23 1 1 5868.97 2474.22  253.491  168.621  253.454  168.625
19 1 1 5820.56 2580.89  200.727  261.813  200.841  261.890
15 1 1 5813.46 2535.93  211.286  226.749  211.383  226.699
19 1 1 5818.64 2584.78  198.791  265.717  198.768  265.840
23 1 1 5820.95 2574.19  205.046  268.923  205.136  269.196
15 1 1 5818.64 2584.78  216.382  275.750  216.652  275.859
19 1 1 5880.32 2403.25  261.122   83.640  261.254   83.566
27 1 1 5794.61 2446.35  188.728  122.983  188.738  122.788
19 1 1 5812.84 2406.51  193.396   86.967  193.264   86.776
27 1 1 5873.71 2450.48  268.123  127.063  267.956  127.078
19 1 1 5804.95 2407.23  185.480   87.697  185.479   87.478
27 1 1 5781.63 2461.34  175.662  138.025  175.611  138.108
19 1 1 5826.25 2407.47  206.849   87.923  206.855   87.652
31 1 1 5788.83 2556.73  186.585  247.491  186.551  247.503
27 1 1 5817.68 2463.85  211.843  140.512  211.648  140.414
19 1 1 5901.52 2411.72  282.385   92.109  282.439   91.847
31 1 1 5856.12 2428.41  254.463  118.778  254.409  118.780
19 1 1 5801.50 2415.21  182.000   95.692  181.859   95.660
27 1 1 5784.77 2466.46  178.801  143.156  178.727  143.335
31 1 1 5932.77 2431.02  331.423  121.326  331.470  121.074
27 1 1 5839.36 2474.73  233.578  151.415  233.640  151.369
19 1 1 5812.08 2419.85  192.601  100.340  192.658  100.377
31 1 1 5800.48 2432.34  198.604  122.761  198.492  122.815
19 1 1 5881.31 2419.70  262.080  100.128  261.880  100.274
27 1 1 5938.35 2474.05  332.997  150.630  333.080  150.595
19 1 1 5892.10 2420.69  272.913  101.116  272.796  101.244
27 1 1 5925.21 2481.15  319.785  157.772  319.843  157.712
19 1 1 5791.64 2425.17  172.083  105.683  172.256  105.658
31 1 1 5854.51 2432.29  252.845  122.668  252.828  122.560
19 1 1 5918.21 2428.01  299.116  108.423  299.079  108.362
31 1 1 5821.67 2433.15  219.871  123.553  219.949  123.612
27 1 1 5783.62 2482.22  177.608  158.949  177.321  158.992
19 1 1 5856.12 2428.41  236.778  108.883  236.741  108.850
27 1 1 5803.34 2577.31  197.175  254.313  197.397  254.320
19 1 1 5932.77 2431.02  313.725  111.425  313.794  111.351
31 1 1 5936.01 2433.49  334.678  123.797  334.789  123.871
15 1 1 5801.50 2415.21  199.546  105.729  199.518  105.751
19 1 1 5781.28 2577.92  161.280  258.848  161.430  258.805
23 1 1 5814.09 2482.37  198.371  176.825  198.165  176.828
27 1 1 5846.09 2490.45  240.301  167.165  240.194  167.133
15 1 1 5837.56 2436.37  235.703  126.906  235.623  126.787
27 1 1 5885.57 2491.60  279.948  168.294  279.973  168.357
15 1 1 5938.35 2474.05  336.873  164.570  336.839  164.353
27 1 1 5847.30 2499.65  241.500  176.392  241.489  176.472
23 1 1 5822.16 2493.10  206.448  187.581  206.441  187.592
15 1 1 5925.21 2481.15  323.659  171.713  323.656  171.779
31 1 1 5837.56 2436.37  235.818  126.774  235.810  126.737
19 1 1 5854.51 2432.29  235.160  112.773  235.293  112.626
27 1 1 5886.27 2499.21  280.635  175.924  280.636  175.761
31 1 1 5794.61 2446.35  192.681  136.798  192.697  136.624
23 1 1 5930.88 2497.95  315.634  192.366  315.803  192.432
27 1 1 5911.29 2499.62  305.768  176.311  305.824  176.427
19 1 1 5821.67 2433.15  202.192  113.660  202.120  113.649
27 1 1 5789.78 2502.98  183.738  179.766  183.950  179.747
15 1 1 5846.09 2490.45  244.155  181.114  244.196  181.143
27 1 1 5831.69 2512.41  225.790  189.198  225.867  189.121
19 1 1 5936.01 2433.49  316.980  113.895  316.960  113.755
31 1 1 5873.71 2450.48  272.084  140.891  271.988  140.942
19 1 1 5837.56 2436.37  218.137  116.879  218.116  116.931
23 1 1 5806.94 2506.97  191.135  201.498  191.051  201.505
19 1 1 5794.61 2446.35  175.007  126.906  174.938  126.948
23 1 1 5832.18 2506.47  216.483  200.984  216.413  200.881
31 1 1 5781.63 2461.34  179.611  151.840  179.676  151.785
23 1 1 5822.72 2509.45  206.969  203.978  207.091  204.134
31 1 1 5817.68 2463.85  215.796  154.332  215.996  154.126
23 1 1 5898.44 2569.09  282.912  263.769  282.834  263.824
31 1 1 5784.77 2466.46  182.750  156.971  182.794  157.064
19 1 1 5873.71 2450.48  254.397  130.992  254.364  131.041
31 1 1 5839.36 2474.73  237.532  165.240  237.510  165.345
23 1 1 5867.26 2512.75  251.693  207.263  251.592  207.370
31 1 1 5938.35 2474.05  336.962  164.470  337.001  164.505
27 1 1 5921.86 2519.60  316.359  196.335  316.617  196.434
27 1 1 5863.22 2529.81  257.423  206.628  257.289  206.835
23 1 1 5884.38 2515.20  268.891  209.716  268.899  209.677
19 1 1 5937.91 2544.80  318.703  225.542  318.794  225.648
23 1 1 5818.96 2530.73  203.143  225.328  203.154  225.327
31 1 1 5925.21 2481.15  323.748  171.611  323.778  171.750
19 1 1 5817.68 2463.85  198.119  144.436  197.970  144.630
31 1 1 5783.62 2482.22  181.555  172.766  181.826  172.739
27 1 1 5800.49 2532.29  194.424  209.147  194.527  209.305
19 1 1 5784.77 2466.46  165.078  147.077  165.154  146.904
31 1 1 5823.49 2487.02  221.573  177.568  221.482  177.819
19 1 1 5839.36 2474.73  219.851  155.340  219.776  155.296
31 1 1 5846.09 2490.45  244.254  180.992  244.239  180.980
19 1 1 5938.35 2474.05  319.264  154.563  319.321  154.535
31 1 1 5885.57 2491.60  283.906  182.127  283.706  182.089
19 1 1 5925.21 2481.15  306.053  161.704  305.968  161.619
31 1 1 5792.15 2493.21  190.093  183.790  189.934  183.790
27 1 1 5838.24 2533.80  232.323  210.649  232.300  210.560
19 1 1 5935.04 2531.20  315.841  211.894  315.755  211.935
27 1 1 5916.94 2533.55  311.385  210.340  311.390  210.422
31 1 1 5847.30 2499.65  245.453  190.220  245.468  190.301
27 1 1 5813.46 2535.93  207.435  212.795  207.360  212.793
19 1 1 5823.49 2487.02  203.895  167.668  203.838  167.528
27 1 1 5880.44 2536.88  274.706  213.708  274.676  213.845
19 1 1 5846.09 2490.45  226.572  171.090  226.565  171.140
27 1 1 5808.65 2539.58  202.600  216.458  202.546  216.621
19 1 1 5885.57 2491.60  266.218  172.223  266.229  172.258
27 1 1 5913.81 2542.13  308.225  218.951  308.372  219.020
31 1 1 5886.27 2499.21  284.592  189.758  284.499  189.622
27 1 1 5813.25 2543.30  207.204  220.194  207.201  219.980
19 1 1 5792.15 2493.21  172.421  173.892  172.360  173.897
27 1 1 5934.17 2545.17  328.681  221.978  328.585  222.038
31 1 1 5911.29 2499.62  309.728  190.149  309.816  190.325
27 1 1 5819.14 2547.93  213.114  224.834  212.997  224.883
19 1 1 5847.30 2499.65  227.771  180.318  227.651  180.383
31 1 1 5789.78 2502.98  187.684  193.586  187.536  193.531
27 1 1 5801.93 2549.97  195.818  226.889  195.749  226.701
19 1 1 5886.27 2499.21  266.904  179.853  266.909  179.907
31 1 1 5831.69 2512.41  229.739  203.025  229.688  202.941
19 1 1 5911.29 2499.62  292.035  180.242  292.045  180.367
27 1 1 5799.75 2551.64  193.630  228.558  193.716  228.582
19 1 1 5789.78 2502.98  170.012  183.687  170.090  183.634
31 1 1 5921.86 2519.60  320.318  210.177  320.193  210.256
19 1 1 5884.62 2507.71  265.229  188.374  265.384  188.343
27 1 1 5787.32 2554.14  181.138  231.073  181.190  230.886
19 1 1 5831.69 2512.41  212.061  193.122  212.188  193.233
27 1 1 5815.17 2564.43  209.086  241.380  209.119  241.243
31 1 1 5863.22 2529.81  261.374  220.461  261.267  220.422
27 1 1 5850.81 2569.41  244.875  246.363  244.770  246.402
19 1 1 5921.86 2519.60  302.624  200.267  302.581  200.290
27 1 1 5789.84 2571.77  183.623  248.752  183.631  248.608
19 1 1 5863.22 2529.81  243.690  210.554  243.646  210.497
27 1 1 5811.66 2555.38  205.580  232.308  205.656  232.139
19 1 1 5800.49 2532.29  180.694  213.068  180.710  213.015
31 1 1 5800.49 2532.29  198.367  222.971  198.380  222.997
27 1 1 5859.56 2586.17  253.629  263.176  253.724  263.051
31 1 1 5838.24 2533.80  236.271  224.479  236.259  224.224
19 1 1 5838.24 2533.80  218.591  214.573  218.684  214.698
27 1 1 5888.81 2588.03  283.017  265.024  282.851  265.079
19 1 1 5916.94 2533.55  297.649  214.270  297.692  214.253
27 1 1 5793.02 2588.56  186.774  265.597  187.029  265.621
31 1 1 5916.94 2533.55  315.341  224.182  315.489  224.150
19 1 1 5813.46 2535.93  193.705  216.718  193.619  216.732
31 1 1 5813.46 2535.93  211.380  226.622  211.363  226.701
19 1 1 5880.44 2536.88  260.972  217.636  260.841  217.759
31 1 1 5880.44 2536.88  278.658  227.546  278.579  227.763
19 1 1 5808.65 2539.58  188.869  220.380  188.683  220.195
27 1 1 5916.82 2588.17  311.170  265.146  311.109  265.095
19 1 1 5913.81 2542.13  294.489  222.881  294.524  222.635
31 1 1 5808.65 2539.58  206.544  230.284  206.530  230.355
19 1 1 5813.25 2543.30  193.473  224.117  193.417  224.410
31 1 1 5913.81 2542.13  312.180  232.793  311.958  232.862
19 1 1 5934.17 2545.17  314.944  225.910  315.005  225.765
31 1 1 5813.25 2543.30  211.148  234.022  211.113  233.893
19 1 1 5871.68 2576.06  252.091  256.947  251.948  256.891
31 1 1 5934.17 2545.17  332.638  235.824  332.631  235.914
31 1 1 5801.93 2549.97  199.760  240.715  199.665  240.574
19 1 1 5825.53 2586.56  205.709  267.502  205.783  267.503
31 1 1 5799.75 2551.64  197.572  242.384  197.346  242.325
31 1 1 5815.17 2564.43  213.028  255.210  212.837  255.226
27 1 1 5869.70 2420.39  264.149   96.903  264.099   96.965
19 1 1 5787.32 2554.14  167.407  234.993  167.268  235.189
31 1 1 5850.81 2569.41  248.821  260.199  248.664  260.390
27 1 1 5937.91 2544.80  332.441  221.610  332.616  221.593
31 1 1 5789.84 2571.77  187.561  262.578  187.396  262.600
27 1 1 5784.05 2434.35  178.160  110.965  178.152  110.945
19 1 1 5815.17 2564.43  195.353  245.303  195.564  245.452
31 1 1 5784.31 2583.29  181.975  274.135  181.782  274.088
19 1 1 5850.81 2569.41  231.140  250.288  231.338  250.210
27 1 1 5898.44 2569.09  292.733  246.012  292.728  246.061
19 1 1 5789.84 2571.77  169.891  252.672  169.723  252.919
27 1 1 5826.56 2441.16  220.808  117.762  220.768  117.714
31 1 1 5854.98 2583.80  252.975  274.635  252.966  274.589
31 1 1 5859.56 2586.17  257.574  277.015  257.498  277.171
19 1 1 5784.31 2583.29  164.306  264.228  164.363  264.356
27 1 1 5896.92 2445.90  291.432  122.456  291.349  122.371
31 1 1 5888.81 2588.03  286.964  278.867  286.974  278.889
19 1 1 5854.98 2583.80  235.295  264.723  235.375  264.568
31 1 1 5793.02 2588.56  190.711  279.426  190.737  279.539
19 1 1 5859.56 2586.17  239.892  267.101  239.815  267.145
31 1 1 5916.82 2588.17  315.120  278.994  315.076  279.052
19 1 1 5888.81 2588.03  269.278  268.951  269.244  268.781
27 1 1 5935.04 2531.20  329.578  207.962  329.544  207.934
31 1 1 5842.83 2415.96  241.148  106.311  241.122  106.224
27 1 1 5844.53 2469.70  238.780  146.362  238.737  146.390
19 1 1 5793.02 2588.56  173.040  269.518  173.120  269.607
31 1 1 5869.70 2420.39  268.113  110.727  268.043  110.726
19 1 1 5916.82 2588.17  297.429  269.076  297.319  268.915
27 1 1 5818.96 2530.73  212.966  207.582  212.938  207.802
31 1 1 5883.32 2585.77  281.460  276.608  281.602  276.799
27 1 1 5814.09 2482.37  208.191  159.083  208.132  159.237
31 1 1 5784.05 2434.35  182.112  124.777  182.256  124.658
19 1 1 5842.83 2415.96  223.465   96.418  223.590   96.404
31 1 1 5933.16 2434.49  331.814  124.803  331.748  124.941
27 1 1 5930.88 2497.95  325.449  174.612  325.516  174.664
19 1 1 5869.70 2420.39  250.425  100.831  250.488  100.585
27 1 1 5806.94 2506.97  200.957  183.755  200.926  183.734
19 1 1 5884.26 2433.24  265.017  113.701  265.033  113.712
31 1 1 5826.56 2441.16  224.764  131.582  224.728  131.685
27 1 1 5832.18 2506.47  226.304  183.239  226.149  183.273
31 1 1 5896.92 2445.90  295.395  136.286  295.358  136.238
19 1 1 5784.05 2434.35  164.440  114.887  164.222  114.980
27 1 1 5882.30 2511.84  276.623  188.597  276.692  188.553
19 1 1 5933.16 2434.49  314.117  114.901  314.134  114.693
31 1 1 5801.49 2453.25  199.572  143.720  199.640  143.756
27 1 1 5867.26 2512.75  261.512  189.514  261.338  189.350
19 1 1 5826.56 2441.16  207.084  121.687  207.100  121.750
27 1 1 5799.10 2527.37  193.039  204.215  193.004  204.161
19 1 1 5896.92 2445.90  277.704  126.386  277.785  126.100
19 1 1 5801.49 2453.25  181.897  133.826  181.704  133.851
31 1 1 5835.73 2466.13  233.911  156.615  233.896  156.564
19 1 1 5835.73 2466.13  216.231  146.717  216.232  146.661
31 1 1 5844.53 2469.70  242.735  160.187  242.684  160.182
19 1 1 5844.53 2469.70  225.053  150.288  225.048  150.315
31 1 1 5868.97 2474.22  267.266  164.704  267.260  164.539
19 1 1 5818.96 2530.73  199.236  211.505  199.253  211.537
31 1 1 5919.05 2475.85  317.568  166.292  317.553  166.255
19 1 1 5919.05 2475.85  299.874  156.387  299.781  156.416
31 1 1 5814.09 2482.37  212.142  172.905  212.116  172.880
19 1 1 5814.09 2482.37  194.465  163.007  194.709  163.071
19 1 1 5822.16 2493.10  202.542  173.762  202.531  173.632
31 1 1 5822.16 2493.10  220.219  183.662  220.210  183.732
19 1 1 5930.88 2497.95  311.715  178.544  311.679  178.611
31 1 1 5930.88 2497.95  329.411  188.453  329.317  188.529
19 1 1 5832.18 2506.47  212.575  187.163  212.589  187.320
31 1 1 5806.94 2506.97  204.904  197.578  204.963  197.653
19 1 1 5898.44 2569.09  278.995  249.941  279.005  250.028
31 1 1 5822.72 2509.45  220.739  200.059  220.888  200.285
19 1 1 5808.88 2577.02  189.001  257.936  189.146  258.196
31 1 1 5787.07 2584.38  184.747  275.231  184.723  275.397
19 1 1 5807.25 2553.69  187.426  234.536  187.577  234.424
31 1 1 5867.26 2512.75  265.465  203.347  265.580  203.373
19 1 1 5884.38 2515.20  264.977  195.893  265.132  195.919
31 1 1 5884.38 2515.20  282.665  205.800  282.540  205.577
19 1 1 5811.39 2539.90  191.614  220.698  191.436  220.737
31 1 1 5891.28 2517.74  289.589  208.344  289.607  208.221
31 1 1 5935.83 2579.80  334.245  270.585  334.314  270.638
31 1 1 5818.96 2530.73  216.912  221.409  216.925  221.564
31 1 1 5935.04 2531.20  333.537  221.807  333.535  221.771
31 1 1 5808.88 2577.02  206.674  267.844  206.873  267.629
