31 1 1 5959.69 3091.49  357.460  784.997  357.529  784.985
31 1 1 5911.54 3161.64  308.786  855.614  308.815  855.642
31 1 1 5971.65 3165.08  369.428  859.115  369.466  859.096
31 1 1 5905.23 3097.67  302.538  791.189  302.478  791.234
31 1 1 5895.63 3108.36  292.843  801.951  292.822  801.945
31 1 1 5953.23 3158.59  350.852  852.564  350.898  852.526
31 1 1 5991.61 3174.74  389.550  868.850  389.556  868.833
31 1 1 5980.31 3193.32  378.120  887.569  378.134  887.488
31 1 1 5946.80 3213.79  344.282  908.170  344.425  908.202
31 1 1 5903.19 3080.07  300.509  773.467  300.431  773.382
23 1 1 5959.69 3091.49  343.618  788.866  343.720  788.865
31 1 1 5955.62 3088.34  353.361  781.825  353.474  781.775
31 1 1 5993.31 3094.47  391.374  788.007  391.329  787.924
19 1 1 5959.69 3091.49  339.707  775.021  339.732  775.012
 7 1 1 5959.69 3091.49  343.567  789.040  343.470  789.125
19 1 1 5911.54 3161.64  291.034  845.626  291.021  845.625
 7 1 1 5911.54 3161.64  294.899  859.663  294.871  859.626
19 1 1 5971.65 3165.08  351.666  849.132  351.730  849.101
 7 1 1 5971.65 3165.08  355.536  863.163  355.573  863.131
31 1 1 5903.23 3141.01  300.444  834.822  300.338  834.842
 7 1 1 5905.23 3097.67  288.649  795.235  288.569  795.317
23 1 1 5911.54 3161.64  294.964  859.492  295.018  859.482
31 1 1 5943.14 3147.99  340.685  841.886  340.693  842.003
 7 1 1 5895.63 3108.36  278.956  805.998  279.085  805.846
19 1 1 5905.23 3097.67  284.793  781.209  284.700  781.260
31 1 1 5916.43 3196.67  313.667  890.901  313.631  890.817
 7 1 1 5953.23 3158.59  336.962  856.612  336.975  856.722
 7 1 1 5991.61 3174.74  375.657  872.898  375.728  872.878
23 1 1 5971.65 3165.08  355.603  862.980  355.670  862.953
 7 1 1 5980.31 3193.32  364.228  891.618  364.071  891.335
27 1 1 5959.69 3091.49  353.497  771.094  353.516  771.061
23 1 1 5905.23 3097.67  288.700  795.071  288.652  795.137
19 1 1 5895.63 3108.36  275.099  791.969  275.080  791.853
31 1 1 6018.14 3199.69  416.293  894.002  416.106  893.913
19 1 1 5953.23 3158.59  333.094  842.580  333.070  842.554
15 1 1 5959.69 3091.49  357.359  785.100  357.408  785.117
11 1 1 5959.69 3091.49  353.390  771.230  353.363  771.218
15 1 1 5911.54 3161.64  308.702  855.733  308.715  855.747
27 1 1 5911.54 3161.64  304.808  841.692  304.808  841.711
11 1 1 5911.54 3161.64  304.703  841.835  304.725  841.929
19 1 1 5991.61 3174.74  371.784  858.867  371.783  858.885
27 1 1 5971.65 3165.08  365.443  845.208  365.519  845.156
19 1 1 5980.31 3193.32  360.354  877.583  360.332  877.567
27 1 1 5905.23 3097.67  298.578  777.272  298.483  777.380
 7 1 1 5946.80 3213.79  330.395  912.221  330.553  912.235
27 1 1 5895.63 3108.36  288.882  788.031  288.899  788.062
27 1 1 5953.23 3158.59  346.871  838.653  346.890  838.689
 3 1 1 5959.69 3091.49  339.586  775.133  339.709  775.118
15 1 1 5971.65 3165.08  369.343  859.221  369.382  859.180
23 1 1 5895.63 3108.36  279.009  805.835  279.057  805.777
 3 1 1 5911.54 3161.64  290.936  845.761  290.985  845.828
11 1 1 5971.65 3165.08  365.336  845.350  365.387  845.291
23 1 1 5953.23 3158.59  337.027  856.433  337.059  856.503
 3 1 1 5971.65 3165.08  351.567  849.246  351.607  849.190
 7 1 1 5903.19 3080.07  286.620  777.512  286.718  777.512
11 1 1 5905.23 3097.67  298.473  777.410  298.377  777.492
 7 1 1 5955.62 3088.34  339.468  785.868  339.624  785.929
27 1 1 5991.61 3174.74  385.561  854.947  385.568  854.888
11 1 1 5895.63 3108.36  288.776  788.170  288.760  788.132
 3 1 1 5905.23 3097.67  284.674  781.340  284.628  781.371
 7 1 1 5903.23 3141.01  286.557  838.871  286.574  838.901
31 1 1 5999.13 3218.73  397.088  913.183  397.076  913.293
 7 1 1 5943.14 3147.99  326.795  845.933  326.750  845.953
23 1 1 5991.61 3174.74  375.727  872.710  375.745  872.748
 3 1 1 5895.63 3108.36  274.984  792.104  274.976  792.164
19 1 1 5946.80 3213.79  326.519  898.180  326.684  898.224
 7 1 1 5916.43 3196.67  299.782  894.952  299.701  894.860
23 1 1 5980.31 3193.32  364.302  891.431  364.317  891.334
 7 1 1 5999.13 3218.73  383.196  917.234  383.011  917.460
23 1 1 5946.80 3213.79  330.470  912.040  330.608  912.084
 7 1 1 5910.39 3084.68  293.879  782.163  293.862  782.024
23 1 1 5903.19 3080.07  286.667  777.350  286.565  777.280
27 1 1 5980.31 3193.32  374.126  873.661  374.130  873.555
15 1 1 5905.23 3097.67  302.439  791.305  302.200  791.453
27 1 1 5946.80 3213.79  340.286  894.253  340.451  894.295
 7 1 1 6002.22 3099.32  386.454  796.932  386.296  797.161
23 1 1 5955.62 3088.34  339.518  785.695  339.546  785.655
27 1 1 5903.19 3080.07  296.555  759.551  296.439  759.488
31 1 1 5910.39 3084.68  307.768  778.118  307.797  778.130
19 1 1 5903.19 3080.07  282.766  763.488  282.685  763.470
31 1 1 6002.22 3099.32  400.351  792.890  400.239  792.810
19 1 1 5955.62 3088.34  335.609  771.849  335.666  771.728
23 1 1 5993.31 3094.47  377.530  791.868  377.493  791.899
19 1 1 5993.31 3094.47  373.615  778.033  373.692  778.079
23 1 1 5903.23 3141.01  286.617  838.704  286.395  838.758
31 1 1 5966.18 3116.46  363.979  810.141  364.008  810.050
23 1 1 5943.14 3147.99  326.857  845.758  326.813  845.729
 7 1 1 5989.44 3120.16  373.542  817.917  373.546  818.065
27 1 1 5955.62 3088.34  349.399  767.921  349.457  767.801
23 1 1 5916.43 3196.67  299.853  894.778  299.842  894.741
27 1 1 5993.31 3094.47  387.406  774.111  387.407  774.128
31 1 1 5989.44 3120.16  387.437  813.873  387.362  813.832
 3 1 1 5953.23 3158.59  332.994  842.700  333.102  842.381
27 1 1 5903.23 3141.01  296.472  820.901  296.329  820.865
23 1 1 6018.14 3199.69  402.475  897.855  402.419  897.905
27 1 1 5943.14 3147.99  336.707  827.973  336.714  827.992
 7 1 1 5966.65 3162.77  350.489  860.832  350.712  860.883
19 1 1 5903.23 3141.01  282.695  824.837  282.514  824.866
23 1 1 5999.13 3218.73  383.275  917.040  383.256  917.098
31 1 1 5915.58 3131.82  312.915  825.579  313.053  825.651
11 1 1 5953.23 3158.59  346.765  838.795  346.770  838.783
23 1 1 5910.39 3084.68  293.927  781.999  293.930  781.979
11 1 1 5991.61 3174.74  385.453  855.090  385.400  855.087
31 1 1 5885.93 3139.95  283.004  833.742  283.028  833.697
23 1 1 6002.22 3099.32  386.508  796.748  386.528  796.711
11 1 1 5980.31 3193.32  374.019  873.806  374.002  873.742
31 1 1 5966.65 3162.77  364.381  856.784  364.464  856.769
 7 1 1 5968.62 3077.62  352.591  775.076  352.503  774.796
31 1 1 5968.62 3077.62  366.485  771.034  366.618  771.039
 7 1 1 5882.23 3094.06  265.466  791.585  265.333  791.652
27 1 1 5916.43 3196.67  309.679  876.978  309.687  876.937
31 1 1 5889.67 3081.74  286.885  775.145  286.763  775.236
11 1 1 5946.80 3213.79  340.181  894.399  340.354  894.472
 3 1 1 5980.31 3193.32  360.264  877.697  360.286  877.559
 7 1 1 5883.78 3122.64  266.980  820.365  266.997  820.700
11 1 1 5903.19 3080.07  296.449  759.688  296.441  759.537
19 1 1 5943.14 3147.99  322.929  831.903  322.948  831.884
23 1 1 5966.18 3116.46  350.142  814.007  350.173  814.050
27 1 1 6018.14 3199.69  412.294  880.103  412.352  880.056
23 1 1 5989.44 3120.16  373.600  817.734  373.647  817.874
27 1 1 5999.13 3218.73  393.086  899.278  393.107  899.280
23 1 1 5915.58 3131.82  299.085  829.457  299.255  829.469
11 1 1 5955.62 3088.34  349.292  768.057  349.405  768.094
27 1 1 5910.39 3084.68  303.811  764.203  303.850  764.258
 7 1 1 5908.83 3097.06  292.285  794.620  292.363  794.751
 3 1 1 5946.80 3213.79  326.438  898.306  326.464  898.359
31 1 1 5903.97 3087.93  301.285  781.379  301.250  781.388
15 1 1 5895.63 3108.36  292.747  802.070  292.772  802.044
31 1 1 5882.23 3094.06  279.353  787.538  279.228  787.487
27 1 1 6002.22 3099.32  396.381  778.996  396.248  779.025
19 1 1 5916.43 3196.67  295.911  880.910  295.869  880.855
27 1 1 5966.18 3116.46  360.008  796.236  360.076  796.265
23 1 1 5885.93 3139.95  269.178  837.627  269.124  837.657
19 1 1 6018.14 3199.69  398.521  884.019  398.431  884.053
11 1 1 5943.14 3147.99  336.601  828.115  336.724  828.038
 3 1 1 5903.19 3080.07  282.642  763.619  282.553  763.593
 7 1 1 6004.97 3115.75  389.213  813.479  389.277  813.352
 3 1 1 5955.62 3088.34  335.486  771.963  335.620  771.966
31 1 1 5890.77 3094.82  287.964  788.315  288.132  788.275
 7 1 1 5961.97 3126.18  345.822  823.970  345.854  823.912
31 1 1 5908.83 3097.06  306.174  790.574  306.284  790.485
 7 1 1 5936.53 3139.60  320.139  837.473  320.186  837.569
31 1 1 6004.97 3115.75  403.109  809.435  403.083  809.408
11 1 1 5916.43 3196.67  309.575  877.123  309.614  877.071
27 1 1 5989.44 3120.16  383.462  799.973  383.466  799.950
15 1 1 5953.23 3158.59  350.766  852.674  350.784  852.696
11 1 1 6018.14 3199.69  412.186  880.249  412.181  880.185
23 1 1 5966.65 3162.77  350.555  860.650  350.659  860.663
27 1 1 5915.58 3131.82  308.945  811.661  309.147  811.756
23 1 1 5968.62 3077.62  352.639  774.901  352.759  775.004
27 1 1 5885.93 3139.95  279.034  819.816  279.009  819.858
 7 1 1 5891.01 3148.09  274.221  845.997  274.253  845.973
31 1 1 5948.42 3120.60  346.051  814.307  346.062  814.367
15 1 1 5991.61 3174.74  389.466  868.953  389.255  869.077
19 1 1 5999.13 3218.73  379.317  903.196  379.264  903.283
15 1 1 5980.31 3193.32  378.041  887.676  378.059  887.560
27 1 1 5966.65 3162.77  360.397  842.876  360.469  842.885
 7 1 1 5963.66 3149.24  347.492  847.204  347.485  847.060
15 1 1 5946.80 3213.79  344.209  908.285  344.357  908.316
11 1 1 5999.13 3218.73  392.978  899.425  392.974  899.494
 7 1 1 5981.21 3164.46  365.183  862.545  365.348  862.545
11 1 1 5910.39 3084.68  303.706  764.340  303.654  764.303
27 1 1 5968.62 3077.62  362.524  757.133  362.597  757.223
23 1 1 5903.97 3087.93  287.445  785.262  287.478  785.320
27 1 1 5889.67 3081.74  282.931  761.226  282.972  761.031
15 1 1 5903.19 3080.07  300.407  773.582  300.211  773.636
27 1 1 5903.97 3087.93  297.328  767.463  297.346  767.595
23 1 1 5882.23 3094.06  265.516  791.425  265.515  791.256
31 1 1 5992.07 3209.91  389.968  904.289  389.893  904.468
15 1 1 5955.62 3088.34  353.259  781.928  353.623  781.783
31 1 1 5906.33 3129.16  303.589  822.893  303.337  822.943
27 1 1 5882.23 3094.06  275.397  773.616  275.478  773.751
11 1 1 6002.22 3099.32  396.272  779.132  396.391  779.170
 3 1 1 5903.23 3141.01  282.590  824.972  282.631  824.988
27 1 1 5890.77 3094.82  284.007  774.395  283.996  774.440
 3 1 1 5943.14 3147.99  322.826  832.025  322.817  832.055
31 1 1 5957.28 3131.24  354.980  825.019  354.958  824.945
 3 1 1 5916.43 3196.67  295.825  881.045  295.786  880.948
19 1 1 5910.39 3084.68  290.023  768.139  290.015  768.026
15 1 1 5903.23 3141.01  300.355  834.942  300.110  835.017
27 1 1 5908.83 3097.06  302.215  776.658  302.345  776.653
11 1 1 5989.44 3120.16  383.354  800.112  383.480  800.179
15 1 1 5943.14 3147.99  340.597  841.997  340.528  841.979
27 1 1 6004.97 3115.75  399.135  795.540  399.078  795.636
23 1 1 5890.77 3094.82  274.127  792.200  274.173  792.102
27 1 1 5948.42 3120.60  342.080  800.398  342.103  800.407
31 1 1 5936.53 3139.60  334.029  833.426  334.146  833.308
15 1 1 5916.43 3196.67  313.592  891.022  313.783  891.026
31 1 1 5911.80 3143.99  309.086  837.835  309.178  838.073
23 1 1 5908.83 3097.06  292.336  794.455  292.426  794.484
31 1 1 5891.01 3148.09  288.106  841.947  287.921  842.064
 3 1 1 6018.14 3199.69  398.432  884.121  398.154  884.166
27 1 1 5961.97 3126.18  355.742  806.018  355.772  806.128
31 1 1 5963.66 3149.24  361.384  843.157  361.371  843.014
11 1 1 5915.58 3131.82  308.840  811.801  308.866  811.684
23 1 1 6004.97 3115.75  389.271  813.293  389.295  813.210
27 1 1 5906.33 3129.16  299.621  808.973  299.635  808.995
31 1 1 5935.58 3155.43  333.054  849.374  333.130  849.169
27 1 1 5957.28 3131.24  351.006  811.111  350.968  811.232
19 1 1 6002.22 3099.32  382.591  782.916  382.506  782.884
 3 1 1 5910.39 3084.68  289.901  768.268  289.787  768.344
 7 1 1 5996.60 3164.99  380.708  863.081  380.954  862.868
 3 1 1 6002.22 3099.32  382.470  783.015  382.480  783.137
27 1 1 5936.53 3139.60  330.054  819.512  330.093  819.517
 7 1 1 5946.35 3169.93  329.998  868.033  329.770  868.166
15 1 1 6018.14 3199.69  416.214  894.101  416.067  894.102
19 1 1 5966.18 3116.46  346.222  800.162  346.283  800.160
 7 1 1 5895.37 3176.37  278.567  874.479  278.368  874.494
 3 1 1 5989.44 3120.16  369.563  804.000  369.230  804.088
23 1 1 5948.42 3120.60  332.216  818.178  332.325  818.252
19 1 1 5989.44 3120.16  369.677  803.895  369.688  803.962
15 1 1 5999.13 3218.73  397.014  913.288  396.898  913.399
23 1 1 5961.97 3126.18  345.881  823.792  345.773  823.944
 7 1 1 6011.36 3201.33  395.555  899.699  395.409  899.638
15 1 1 5910.39 3084.68  307.667  778.231  307.633  778.088
31 1 1 5981.21 3164.46  379.075  858.497  379.119  858.491
15 1 1 6002.22 3099.32  400.250  792.983  400.303  793.093
11 1 1 5885.93 3139.95  278.930  819.958  278.810  820.081
19 1 1 5915.58 3131.82  295.165  815.595  295.282  815.661
31 1 1 5996.60 3164.99  394.602  859.034  394.636  859.025
23 1 1 5906.33 3129.16  289.759  826.774  289.697  826.848
15 1 1 5989.44 3120.16  387.341  813.971  387.332  814.148
19 1 1 5885.93 3139.95  265.258  823.755  265.279  823.843
31 1 1 5946.35 3169.93  343.887  863.985  343.903  864.075
11 1 1 5903.97 3087.93  297.222  767.600  297.143  767.461
 7 1 1 5981.36 3218.16  365.256  916.644  365.124  916.670
19 1 1 5966.65 3162.77  346.620  846.801  346.630  846.794
 7 1 1 6002.62 3089.88  386.865  787.423  386.921  787.227
11 1 1 5882.23 3094.06  275.292  773.754  275.231  773.702
15 1 1 5915.58 3131.82  312.824  825.694  312.961  825.833
31 1 1 6015.52 3170.42  413.688  864.514  413.657  864.547
15 1 1 5885.93 3139.95  282.915  833.865  282.899  833.896
23 1 1 5957.28 3131.24  341.148  828.888  341.340  828.906
19 1 1 5968.62 3077.62  348.732  761.060  348.602  760.847
23 1 1 5936.53 3139.60  320.200  837.299  320.278  837.349
11 1 1 5890.77 3094.82  283.902  774.533  283.936  774.638
31 1 1 5895.37 3176.37  292.452  870.429  292.340  870.230
11 1 1 5908.83 3097.06  302.109  776.796  302.212  776.839
23 1 1 5911.80 3143.99  295.260  841.714  295.194  841.491
19 1 1 5889.67 3081.74  269.144  765.165  269.220  765.107
15 1 1 5966.65 3162.77  364.295  856.891  364.376  856.836
27 1 1 5911.80 3143.99  305.113  823.915  305.228  824.002
23 1 1 5891.01 3148.09  274.282  845.832  274.279  845.851
27 1 1 5891.01 3148.09  284.134  828.022  284.094  827.984
11 1 1 5891.01 3148.09  284.030  828.165  283.979  828.084
23 1 1 5935.58 3155.43  319.228  853.248  319.269  853.629
 3 1 1 5915.58 3131.82  295.057  815.726  295.135  815.899
11 1 1 5963.66 3149.24  357.297  829.391  357.231  829.473
19 1 1 5903.97 3087.93  283.541  771.400  283.526  771.411
15 1 1 5882.23 3094.06  279.254  787.659  279.177  787.529
23 1 1 5981.21 3164.46  365.250  862.360  365.248  862.457
27 1 1 5963.66 3149.24  357.404  829.249  357.464  829.298
23 1 1 5996.60 3164.99  380.776  862.892  381.203  862.981
27 1 1 5935.58 3155.43  329.075  835.459  329.152  835.621
11 1 1 5981.21 3164.46  374.982  844.735  374.951  844.748
31 1 1 5988.38 3187.71  386.274  881.919  386.229  881.899
31 1 1 6017.36 3187.44  415.525  881.662  415.386  881.632
15 1 1 5890.77 3094.82  287.866  788.434  287.868  788.524
27 1 1 5981.21 3164.46  375.090  844.592  375.040  844.478
31 1 1 5957.27 3201.70  354.858  896.000  354.843  896.038
15 1 1 5908.83 3097.06  306.076  790.689  306.133  790.926
31 1 1 6011.36 3201.33  409.450  895.650  409.369  895.590
11 1 1 5988.38 3187.71  382.174  868.158  382.013  868.192
31 1 1 5887.72 3206.14  284.680  900.408  284.619  900.447
15 1 1 6004.97 3115.75  403.012  809.529  402.855  809.753
23 1 1 5946.35 3169.93  330.065  867.855  330.084  867.840
27 1 1 5940.00 3185.26  333.478  865.501  333.714  865.307
19 1 1 5882.23 3094.06  261.612  777.556  261.571  777.497
27 1 1 5946.35 3169.93  339.903  850.071  339.597  849.969
 3 1 1 5885.93 3139.95  265.153  823.897  265.276  823.751
31 1 1 5898.42 3210.53  295.467  904.840  295.275  904.629
15 1 1 5936.53 3139.60  333.939  833.537  333.876  833.305
11 1 1 5929.28 3099.03  322.720  778.804  322.555  778.895
 3 1 1 5966.65 3162.77  346.520  846.917  346.699  846.919
27 1 1 6015.52 3170.42  409.697  850.617  409.672  850.414
19 1 1 5890.77 3094.82  270.222  778.334  270.214  778.434
27 1 1 5895.37 3176.37  288.471  856.502  288.433  856.458
19 1 1 5908.83 3097.06  288.429  780.594  288.468  780.659
11 1 1 5981.36 3218.16  375.039  898.831  375.109  898.888
27 1 1 5988.38 3187.71  382.281  868.013  382.315  868.050
19 1 1 6004.97 3115.75  385.347  799.459  385.317  799.600
27 1 1 6017.36 3187.44  411.529  867.763  411.514  867.709
23 1 1 6015.52 3170.42  399.862  868.368  399.716  868.493
19 1 1 5948.42 3120.60  328.297  804.327  328.384  804.477
23 1 1 5895.37 3176.37  278.634  874.311  278.811  874.371
27 1 1 5957.27 3201.70  350.865  882.086  350.963  881.889
19 1 1 5961.97 3126.18  341.958  809.944  341.935  809.781
23 1 1 5988.38 3187.71  372.454  885.779  372.505  885.659
27 1 1 6011.36 3201.33  405.451  881.749  405.483  881.620
 3 1 1 5903.97 3087.93  283.419  771.531  283.404  771.349
31 1 1 5981.36 3218.16  379.146  912.594  379.225  912.496
19 1 1 5906.33 3129.16  285.841  812.909  285.739  812.885
15 1 1 5891.01 3148.09  288.020  842.071  287.946  842.054
23 1 1 6017.36 3187.44  401.703  885.515  401.635  885.338
31 1 1 6002.62 3089.88  400.762  783.381  400.598  783.465
23 1 1 5957.27 3201.70  341.043  899.868  341.179  899.833
31 1 1 5928.54 3092.05  326.053  785.542  326.170  785.541
19 1 1 5957.28 3131.24  337.224  815.038  337.330  815.088
23 1 1 6011.36 3201.33  395.632  899.504  395.489  899.645
 3 1 1 5882.23 3094.06  261.492  777.696  261.408  777.620
19 1 1 5936.53 3139.60  316.275  823.443  316.253  823.592
23 1 1 5898.42 3210.53  281.658  908.721  281.655  908.822
19 1 1 5891.01 3148.09  270.359  831.961  270.518  831.780
23 1 1 5981.36 3218.16  365.334  916.455  365.323  916.400
15 1 1 5963.66 3149.24  361.296  843.264  361.344  843.222
 3 1 1 5889.11 3187.72  268.284  872.011  268.098  872.065
19 1 1 5963.66 3149.24  343.625  833.175  343.849  833.341
27 1 1 5887.72 3206.14  280.692  886.477  280.673  886.282
15 1 1 5981.21 3164.46  378.990  858.601  378.916  858.373
19 1 1 5935.58 3155.43  315.298  839.390  315.271  839.318
15 1 1 5996.60 3164.99  394.516  859.134  394.866  858.969
27 1 1 5898.42 3210.53  291.477  890.911  291.399  890.879
23 1 1 6002.62 3089.88  386.917  787.240  386.600  787.462
15 1 1 6015.52 3170.42  413.602  864.611  413.566  864.449
31 1 1 5929.28 3099.03  326.789  792.577  326.865  792.661
15 1 1 6002.62 3089.88  400.659  783.474  400.650  783.142
 3 1 1 5908.83 3097.06  288.310  780.724  288.439  780.719
19 1 1 5981.21 3164.46  361.312  848.515  361.299  848.491
19 1 1 5946.35 3169.93  326.129  853.999  326.195  854.123
31 1 1 5988.12 3103.42  386.121  797.018  386.207  796.884
15 1 1 5929.28 3099.03  326.690  792.687  326.750  792.936
19 1 1 6015.52 3170.42  395.919  854.533  396.010  854.475
27 1 1 5981.36 3218.16  375.145  898.684  375.099  898.571
19 1 1 5895.37 3176.37  274.700  860.439  274.463  860.418
23 1 1 5928.54 3092.05  312.213  789.418  312.452  789.213
 3 1 1 6004.97 3115.75  385.231  799.559  385.147  799.640
23 1 1 5929.28 3099.03  312.950  796.453  313.114  796.397
 3 1 1 5948.42 3120.60  328.184  804.445  328.176  804.327
23 1 1 5988.12 3103.42  372.280  800.880  371.955  801.181
 3 1 1 5961.97 3126.18  341.847  810.059  341.536  810.261
23 1 1 6000.21 3104.43  384.470  801.900  384.575  801.863
 3 1 1 5957.28 3131.24  337.115  815.155  337.157  814.957
 3 1 1 5891.01 3148.09  270.257  832.101  270.244  832.085
23 1 1 6012.79 3107.75  397.163  805.242  397.048  805.111
 3 1 1 5981.21 3164.46  361.213  848.626  361.310  848.648
23 1 1 5966.65 3108.40  350.620  805.891  350.607  806.314
 3 1 1 5996.60 3164.99  376.737  849.159  376.873  849.049
15 1 1 5994.86 3121.11  392.806  814.930  392.846  815.117
23 1 1 5884.11 3109.22  267.393  806.685  267.619  806.653
23 1 1 5969.54 3109.21  353.539  806.712  353.473  806.629
15 1 1 5883.78 3122.64  280.774  816.440  280.865  816.264
23 1 1 5973.50 3113.97  357.528  811.500  357.497  811.439
15 1 1 5902.69 3106.52  299.870  800.214  299.972  800.116
23 1 1 5902.18 3121.67  285.592  819.229  285.456  819.190
27 1 1 6002.62 3089.88  396.795  769.488  396.779  769.301
31 1 1 6000.21 3104.43  398.312  798.041  398.290  798.121
 3 1 1 5981.36 3218.16  361.296  902.721  361.419  902.789
19 1 1 5988.38 3187.71  368.507  871.934  368.440  871.890
23 1 1 5994.86 3121.11  379.065  818.693  378.896  818.764
27 1 1 5928.54 3092.05  322.093  771.631  321.943  771.636
23 1 1 5883.78 3122.64  267.036  820.203  266.580  820.151
 3 1 1 5929.28 3099.03  308.921  782.722  308.882  782.958
27 1 1 5929.28 3099.03  322.826  778.666  322.728  778.721
31 1 1 5966.65 3108.40  364.459  802.024  364.495  802.015
19 1 1 6017.36 3187.44  397.754  871.679  397.542  871.810
31 1 1 5884.11 3109.22  281.227  802.798  281.106  802.815
27 1 1 5988.12 3103.42  382.151  783.120  382.118  783.072
19 1 1 5957.27 3201.70  337.095  886.012  337.111  885.846
19 1 1 6011.36 3201.33  391.678  885.665  391.680  885.337
19 1 1 5887.72 3206.14  266.927  890.414  266.805  890.169
 3 1 1 5973.50 3113.97  353.494  797.767  353.484  797.864
31 1 1 5969.54 3109.21  367.378  802.846  367.420  802.989
23 1 1 5889.07 3136.17  272.349  833.821  272.022  833.652
31 1 1 5973.50 3113.97  371.366  807.634  371.352  807.704
 3 1 1 5883.78 3122.64  263.012  806.473  262.831  806.434
19 1 1 5898.42 3210.53  277.712  894.847  277.744  894.699
31 1 1 5902.18 3121.67  299.424  815.347  299.226  815.119
23 1 1 5996.91 3139.13  381.112  836.845  381.074  837.249
23 1 1 5945.86 3143.80  329.613  841.535  329.728  841.258
31 1 1 5994.86 3121.11  392.902  814.833  392.955  814.701
27 1 1 6000.21 3104.43  394.341  784.146  394.270  783.990
23 1 1 5926.02 3157.34  309.576  855.169  309.574  855.191
31 1 1 5900.60 3212.17  297.663  906.493  297.682  906.639
23 1 1 5948.22 3160.20  331.971  858.056  332.023  858.159
23 1 1 6008.91 3160.83  393.202  858.699  393.179  858.643
19 1 1 5981.36 3218.16  361.377  902.605  361.416  902.654
27 1 1 5974.43 3203.15  368.183  883.555  368.153  883.535
19 1 1 6002.62 3089.88  383.003  773.408  383.034  773.464
27 1 1 5966.65 3108.40  360.490  788.121  360.783  788.288
19 1 1 5928.54 3092.05  308.305  775.564  308.126  775.673
27 1 1 5884.11 3109.22  277.266  788.875  277.269  788.881
19 1 1 5929.28 3099.03  309.040  782.598  309.115  782.584
27 1 1 5969.54 3109.21  363.408  788.943  363.462  789.002
19 1 1 5988.12 3103.42  368.362  787.042  368.491  787.199
27 1 1 5973.50 3113.97  367.395  793.732  367.419  793.803
19 1 1 6000.21 3104.43  380.551  788.066  380.455  788.331
19 1 1 6012.79 3107.75  393.241  791.412  393.245  791.267
31 1 1 5889.07 3136.17  286.176  829.937  286.188  830.230
23 1 1 5900.94 3169.22  284.262  867.115  284.171  867.102
31 1 1 5996.91 3139.13  394.944  832.986  394.843  832.799
19 1 1 5966.65 3108.40  346.703  792.047  346.725  792.246
23 1 1 5995.57 3175.31  379.723  873.291  379.806  873.581
27 1 1 5977.84 3200.02  371.631  880.404  371.532  880.492
23 1 1 5889.11 3187.72  272.309  885.742  272.614  885.429
27 1 1 5883.78 3122.64  276.902  802.392  276.889  802.611
19 1 1 5884.11 3109.22  263.484  792.815  263.229  792.879
31 1 1 5945.86 3143.80  343.442  837.664  343.679  837.877
19 1 1 5969.54 3109.21  349.622  792.868  349.779  792.893
31 1 1 5926.02 3157.34  323.400  851.293  323.319  851.219
19 1 1 5973.50 3113.97  353.609  797.657  353.683  797.635
23 1 1 5944.49 3192.49  328.166  890.581  327.919  890.669
19 1 1 5977.70 3210.35  357.703  894.742  357.606  894.466
31 1 1 5977.84 3200.02  375.627  894.313  375.625  894.319
19 1 1 5994.86 3121.11  375.141  804.856  375.336  804.972
31 1 1 6008.91 3160.83  407.030  854.843  406.808  854.738
19 1 1 5883.78 3122.64  263.122  806.332  263.107  806.440
31 1 1 5923.29 3165.44  320.640  859.443  320.646  859.570
19 1 1 5889.07 3136.17  268.430  819.951  268.379  819.984
27 1 1 5889.07 3136.17  282.207  816.012  282.215  815.895
27 1 1 5996.91 3139.13  390.964  819.087  390.984  819.280
23 1 1 5942.38 3198.79  326.025  896.924  326.146  896.789
19 1 1 5996.91 3139.13  377.181  823.008  377.043  822.931
31 1 1 5900.94 3169.22  298.082  863.234  298.183  863.352
19 1 1 5945.86 3143.80  325.686  827.681  325.737  828.004
27 1 1 5945.86 3143.80  339.465  823.752  339.465  823.899
19 1 1 5926.02 3157.34  305.646  841.307  305.784  841.306
31 1 1 5995.57 3175.31  393.547  869.432  393.559  869.402
19 1 1 5948.22 3160.20  328.038  844.201  327.935  844.360
23 1 1 5922.49 3203.34  305.952  901.501  305.904  901.626
27 1 1 5926.02 3157.34  319.422  837.375  319.322  837.377
19 1 1 6008.91 3160.83  389.263  844.863  389.424  844.740
27 1 1 5948.22 3160.20  341.815  840.273  342.029  840.345
31 1 1 5889.11 3187.72  286.124  881.859  286.113  881.961
27 1 1 6008.91 3160.83  403.043  840.945  403.058  841.138
31 1 1 5977.70 3210.35  375.470  904.730  375.215  904.739
27 1 1 5900.94 3169.22  294.103  849.309  293.914  849.105
31 1 1 5964.09 3192.21  361.762  886.444  361.874  886.564
27 1 1 5995.57 3175.31  389.556  855.529  389.425  855.233
31 1 1 5942.38 3198.79  339.840  893.053  339.897  893.060
27 1 1 5889.11 3187.72  282.141  867.930  282.089  867.919
31 1 1 5922.49 3203.34  319.764  897.626  319.561  897.791
23 1 1 5894.64 3205.64  277.856  903.788  277.830  903.763
27 1 1 5944.49 3192.49  337.992  872.794  337.772  872.725
23 1 1 6016.01 3215.48  400.317  913.764  400.300  913.537
19 1 1 5923.29 3165.44  302.885  849.456  302.789  849.348
23 1 1 5898.15 3217.05  281.374  915.293  281.392  915.205
19 1 1 5900.94 3169.22  280.330  853.245  280.269  853.231
31 1 1 5894.64 3205.64  291.667  899.906  291.711  900.013
23 1 1 5985.60 3089.71  369.750  787.071  369.576  786.694
31 1 1 6016.01 3215.48  414.132  909.911  414.125  909.879
27 1 1 5964.09 3192.21  357.770  872.533  357.672  872.471
31 1 1 5898.15 3217.05  295.182  911.413  295.079  911.251
19 1 1 5995.57 3175.31  375.780  859.449  375.945  859.379
31 1 1 5927.12 3210.97  324.419  905.314  324.536  905.303
19 1 1 5944.49 3192.49  324.222  876.722  324.303  876.923
31 1 1 5902.69 3106.52  299.966  800.097  300.086  800.056
23 1 1 5902.69 3106.52  286.131  803.980  286.208  804.156
27 1 1 5942.38 3198.79  335.849  879.135  335.879  879.404
31 1 1 5990.97 3123.95  388.975  817.698  388.876  817.876
27 1 1 5922.49 3203.34  315.774  883.703  315.699  883.393
23 1 1 5999.66 3109.66  383.920  807.167  383.772  807.034
27 1 1 5894.64 3205.64  287.678  885.977  287.696  885.690
23 1 1 5990.97 3123.95  375.139  821.559  374.815  821.667
27 1 1 6016.01 3215.48  410.129  896.009  410.068  896.181
23 1 1 5908.95 3135.60  292.397  833.263  292.240  833.327
27 1 1 5898.15 3217.05  291.190  897.483  291.079  897.486
31 1 1 5908.95 3135.60  306.226  829.383  306.353  829.362
23 1 1 5960.05 3135.36  343.928  833.040  343.772  832.750
31 1 1 5996.32 3142.80  394.347  836.684  394.455  836.679
23 1 1 5922.62 3140.94  306.170  838.647  306.213  838.973
31 1 1 5919.04 3153.42  316.366  847.336  316.378  847.436
23 1 1 5927.12 3210.97  310.608  909.188  310.785  909.028
31 1 1 6003.78 3171.62  401.833  865.712  401.905  865.739
31 1 1 5929.19 3182.61  326.556  876.743  326.598  876.601
23 1 1 5975.72 3144.91  359.726  842.659  359.623  842.545
31 1 1 5894.17 3183.98  291.233  878.095  291.293  877.955
19 1 1 5964.09 3192.21  343.999  876.458  344.351  876.506
23 1 1 5919.04 3153.42  302.541  851.213  302.124  851.418
31 1 1 5940.00 3185.26  337.466  879.418  337.551  879.570
23 1 1 6003.78 3171.62  388.009  869.568  387.685  869.624
19 1 1 5942.38 3198.79  322.079  883.064  322.014  882.891
23 1 1 5968.52 3179.30  352.422  877.302  352.550  877.545
19 1 1 5922.49 3203.34  302.006  887.635  301.954  887.321
23 1 1 5977.84 3200.02  361.810  898.176  361.974  897.969
19 1 1 5894.64 3205.64  273.912  889.913  273.707  889.880
27 1 1 5890.75 3077.17  284.028  756.622  284.087  756.923
23 1 1 5974.43 3203.15  358.364  901.329  358.527  901.046
19 1 1 6016.01 3215.48  396.359  899.925  396.187  899.804
23 1 1 5992.07 3209.91  376.153  908.147  376.121  908.138
19 1 1 5898.15 3217.05  277.427  901.418  277.537  901.343
27 1 1 5985.60 3089.71  379.628  769.311  379.499  769.523
19 1 1 5992.90 3077.96  373.219  761.408  373.051  761.432
27 1 1 5902.69 3106.52  296.004  786.179  295.958  786.117
19 1 1 5985.60 3089.71  365.837  773.235  365.974  773.414
27 1 1 5999.66 3109.66  393.788  789.412  393.749  789.451
19 1 1 5902.69 3106.52  282.221  790.116  282.033  790.154
19 1 1 5990.97 3123.95  371.214  807.721  371.135  807.759
27 1 1 5990.97 3123.95  384.999  803.799  385.240  803.781
19 1 1 5908.95 3135.60  288.476  819.399  288.483  819.361
27 1 1 5895.29 3133.32  288.489  813.156  288.613  813.071
19 1 1 5960.05 3135.36  340.002  819.191  339.937  819.400
19 1 1 5922.62 3140.94  302.246  824.787  302.590  824.956
27 1 1 5929.74 3135.07  323.221  814.947  323.073  815.176
19 1 1 5919.04 3153.42  298.613  837.350  298.430  837.474
27 1 1 5990.22 3151.53  384.199  831.574  384.476  831.492
27 1 1 5919.04 3153.42  312.390  833.417  312.234  833.247
19 1 1 5960.55 3171.41  340.451  855.498  340.790  855.467
27 1 1 5929.19 3182.61  322.571  862.824  322.619  862.842
19 1 1 5929.19 3182.61  308.799  866.755  308.796  866.827
19 1 1 6011.40 3185.67  391.737  869.890  391.878  869.613
19 1 1 5977.84 3200.02  357.860  884.327  357.949  884.162
