15 1 1 5980.93 3998.89 -2.082  0.002  0.039  0.072  0.064  0.117  0.010  15.43
15 1 1 6117.58 4033.47 -1.369 -0.080  0.054  0.252  0.118  0.116  0.010   8.34
15 1 1 6097.50 3905.86 -1.344 -0.071  0.055 -0.217  0.085  0.117  0.010  11.55
15 1 1 6040.86 3903.52 -1.027 -0.042  0.066  0.148  0.144  0.118  0.010   6.83
15 1 1 6068.60 3971.81 -1.138 -0.014  0.063 -0.154  0.109  0.117  0.010   9.09
15 1 1 6082.06 4024.96 -0.853  0.013  0.074  0.209  0.190  0.116  0.010   5.19
15 1 1 6100.38 3995.76 -0.677 -0.019  0.082 -0.217  0.150  0.116  0.010   6.60
23 1 1 5980.93 3998.89 -3.204  0.007  0.025  0.031  0.034  0.134  0.010  29.24
 7 1 1 5980.93 3998.89 -2.017 -0.003  0.040  0.054  0.065  0.117  0.010  15.10
 7 1 1 6117.58 4033.47 -1.404 -0.027  0.054  0.420  0.136  0.116  0.010   7.25
19 1 1 5980.93 3998.89 -3.208  0.003  0.025  0.074  0.034  0.134  0.010  28.62
 7 1 1 6097.50 3905.86 -1.316 -0.043  0.056 -0.249  0.087  0.117  0.010  11.31
15 1 1 5987.35 3918.10 -0.586 -0.055  0.085  0.566  0.295  0.118  0.010   3.35
19 1 1 6117.58 4033.47 -2.609 -0.025  0.031  0.214  0.054  0.132  0.010  18.22
23 1 1 6117.58 4033.47 -2.578 -0.028  0.032  0.331  0.060  0.132  0.010  16.55
23 1 1 6097.50 3905.86 -2.493 -0.009  0.033 -0.014  0.050  0.134  0.010  19.75
23 1 1 6040.86 3903.52 -2.219 -0.009  0.037  0.131  0.066  0.134  0.010  15.02
23 1 1 6068.60 3971.81 -2.179  0.007  0.038  0.071  0.066  0.133  0.010  15.00
 7 1 1 6040.86 3903.52 -1.002  0.013  0.068 -0.215  0.118  0.118  0.010   8.34
19 1 1 6097.50 3905.86 -2.482 -0.005  0.033 -0.072  0.049  0.134  0.010  20.20
 7 1 1 6068.60 3971.81 -1.161 -0.015  0.061  0.107  0.129  0.117  0.010   7.66
15 1 1 6001.41 3975.37 -0.500 -0.030  0.092 -0.313  0.162  0.117  0.010   6.08
19 1 1 6040.86 3903.52 -2.243  0.002  0.037 -0.084  0.057  0.134  0.010  17.42
 7 1 1 6082.06 4024.96 -0.818 -0.010  0.075  0.307  0.208  0.116  0.010   4.75
15 1 1 5989.72 3946.30 -0.238 -0.044  0.107  0.196  0.293  0.118  0.010   3.37
23 1 1 6082.06 4024.96 -2.011  0.001  0.041  0.103  0.076  0.133  0.010  12.90
19 1 1 6068.60 3971.81 -2.198 -0.014  0.037 -0.146  0.056  0.133  0.010  17.66
 7 1 1 6100.38 3995.76 -0.763  0.011  0.078  0.134  0.185  0.116  0.010   5.32
 7 1 1 5987.35 3918.10 -0.591 -0.030  0.086 -0.122  0.171  0.118  0.010   5.76
19 1 1 6082.06 4024.96 -2.068 -0.001  0.040  0.022  0.069  0.133  0.010  14.21
 7 1 1 6001.41 3975.37 -0.544 -0.025  0.089 -0.035  0.193  0.117  0.010   5.12
27 1 1 5980.93 3998.89 -3.217  0.011  0.025  0.069  0.034  0.134  0.010  28.80
 3 1 1 5980.93 3998.89 -2.024 -0.004  0.040 -0.067  0.061  0.118  0.010  16.29
 7 1 1 5989.72 3946.30 -0.378 -0.009  0.099  0.130  0.253  0.118  0.010   3.90
 3 1 1 6117.58 4033.47 -1.370 -0.079  0.054  0.006  0.098  0.116  0.010  10.02
 7 1 1 6031.42 4003.58 -0.013 -0.087  0.123  0.109  0.319  0.117  0.010   3.09
 3 1 1 6097.50 3905.86 -1.316 -0.055  0.056 -0.052  0.100  0.117  0.010   9.90
19 1 1 6100.38 3995.76 -1.790  0.004  0.046  0.056  0.087  0.133  0.010  11.31
19 1 1 5987.35 3918.10 -1.625 -0.022  0.050 -0.109  0.087  0.135  0.010  11.29
 3 1 1 6040.86 3903.52 -0.976  0.004  0.069 -0.114  0.129  0.118  0.010   7.62
23 1 1 6100.38 3995.76 -1.756 -0.009  0.046 -0.187  0.075  0.133  0.010  13.20
 3 1 1 6068.60 3971.81 -1.087  0.033  0.065  0.112  0.143  0.117  0.010   6.91
19 1 1 6001.41 3975.37 -1.594 -0.012  0.051 -0.100  0.091  0.134  0.010  10.84
27 1 1 6097.50 3905.86 -2.457 -0.008  0.033  0.031  0.053  0.134  0.010  18.75
 7 1 1 6088.49 4003.86  0.022 -0.124  0.123 -0.479  0.204  0.116  0.010   4.84
27 1 1 6040.86 3903.52 -2.252  0.004  0.036  0.123  0.064  0.134  0.010  15.34
19 1 1 5989.72 3946.30 -1.274  0.048  0.062  0.729  0.237  0.134  0.010   4.16
27 1 1 6068.60 3971.81 -2.158 -0.003  0.038 -0.029  0.062  0.133  0.010  15.88
 3 1 1 6082.06 4024.96 -0.803  0.003  0.076  0.819  0.328  0.117  0.010   3.01
 7 1 1 6108.12 3925.02  0.226 -0.042  0.149  1.267  1.137  0.117  0.010   0.87
 3 1 1 6100.38 3995.76 -0.723 -0.042  0.079 -0.449  0.121  0.117  0.010   8.17
 7 1 1 6050.90 4008.52  0.644 -0.060  0.202 -0.476  0.369  0.117  0.010   2.67
 3 1 1 5987.35 3918.10 -0.643  0.058  0.087  0.736  0.361  0.118  0.010   2.74
27 1 1 6082.06 4024.96 -2.007  0.012  0.041  0.190  0.082  0.133  0.010  12.00
 7 1 1 6031.51 3969.97  1.151 -0.030  0.312 -1.046  0.413  0.117  0.010   2.39
27 1 1 6100.38 3995.76 -1.803 -0.005  0.045  0.050  0.085  0.133  0.010  11.64
 7 1 1 6093.85 3971.54  0.888  0.089  0.264  3.102 12.539  0.117  0.010   0.08
19 1 1 6031.42 4003.58 -1.089 -0.028  0.067 -0.216  0.122  0.133  0.010   8.08
 3 1 1 6001.41 3975.37 -0.415  0.011  0.099  0.360  0.307  0.117  0.010   3.21
 7 1 1 6054.59 3976.78  0.820  0.256  0.281  2.055  5.254  0.117  0.010   0.19
19 1 1 6088.49 4003.86 -0.967  0.042  0.075  0.255  0.209  0.133  0.010   4.73
 3 1 1 5989.72 3946.30 -0.205  0.034  0.114 -0.163  0.244  0.118  0.010   4.04
27 1 1 5987.35 3918.10 -1.639  0.038  0.050  0.242  0.117  0.135  0.010   8.40
 3 1 1 6088.49 4003.86  0.069  0.010  0.137 -0.484  0.238  0.117  0.010   4.14
27 1 1 6001.41 3975.37 -1.547  0.018  0.052  0.285  0.129  0.134  0.010   7.65
19 1 1 6108.12 3925.02 -0.739 -0.042  0.084 -0.394  0.142  0.133  0.010   6.95
 3 1 1 6108.12 3925.02  0.357  0.005  0.170 -0.829  0.244  0.117  0.010   4.05
27 1 1 5989.72 3946.30 -1.242  0.037  0.062  0.439  0.189  0.134  0.010   5.22
19 1 1 6050.90 4008.52 -0.732 -0.016  0.085  0.167  0.223  0.133  0.010   4.42
27 1 1 6031.42 4003.58 -1.169 -0.015  0.064  0.053  0.140  0.134  0.010   7.04
 3 1 1 6050.90 4008.52  0.702  0.041  0.224  0.691  1.122  0.117  0.010   0.88
23 1 1 5987.35 3918.10 -1.598 -0.009  0.051 -0.202  0.085  0.135  0.010  11.65
27 1 1 6088.49 4003.86 -1.003  0.024  0.072  0.885  0.337  0.133  0.010   2.93
19 1 1 6031.51 3969.97 -0.635 -0.049  0.091  0.085  0.223  0.134  0.010   4.42
27 1 1 6108.12 3925.02 -0.733 -0.001  0.085  0.091  0.213  0.133  0.010   4.64
27 1 1 6050.90 4008.52 -0.698  0.020  0.088  0.534  0.322  0.133  0.010   3.07
19 1 1 6093.85 3971.54 -0.150  0.044  0.132 -0.236  0.283  0.133  0.010   3.48
23 1 1 6001.41 3975.37 -1.550  0.014  0.052  0.224  0.122  0.134  0.010   8.09
15 1 1 6031.42 4003.58 -0.084 -0.018  0.120 -0.084  0.274  0.117  0.010   3.60
27 1 1 6031.51 3969.97 -0.565 -0.019  0.096  0.009  0.228  0.134  0.010   4.32
19 1 1 6054.59 3976.78 -0.150  0.046  0.132 -0.097  0.317  0.133  0.010   3.11
27 1 1 6093.85 3971.54 -0.244 -0.037  0.119  0.331  0.385  0.133  0.010   2.56
27 1 1 6054.59 3976.78 -0.008  0.146  0.155  0.723  0.790  0.134  0.010   1.25
15 1 1 6088.49 4003.86  0.103 -0.032  0.137 -0.444  0.244  0.116  0.010   4.04
15 1 1 6108.12 3925.02  0.386 -0.040  0.167 -0.617  0.273  0.117  0.010   3.62
15 1 1 6050.90 4008.52  0.560  0.096  0.209 -0.324  0.442  0.117  0.010   2.23
31 1 1 5980.93 3998.89 -3.215  0.008  0.025  0.063  0.034  0.134  0.010  28.73
31 1 1 6117.58 4033.47 -2.601 -0.039  0.031  0.249  0.055  0.132  0.010  17.87
31 1 1 6097.50 3905.86 -2.493 -0.007  0.033 -0.009  0.050  0.134  0.010  19.66
31 1 1 6040.86 3903.52 -2.200  0.013  0.037  0.124  0.067  0.134  0.010  14.68
23 1 1 5989.72 3946.30 -1.271  0.013  0.061  0.387  0.172  0.134  0.010   5.73
15 1 1 6031.51 3969.97  1.194 -0.154  0.301  0.020  0.828  0.117  0.010   1.19
23 1 1 6031.42 4003.58 -1.106 -0.014  0.066 -0.242  0.119  0.133  0.010   8.31
23 1 1 6088.49 4003.86 -0.839  0.029  0.081  0.474  0.276  0.133  0.010   3.57
11 1 1 5980.93 3998.89 -2.028  0.003  0.040  0.077  0.066  0.117  0.010  15.00
23 1 1 6108.12 3925.02 -0.839 -0.065  0.078 -0.333  0.134  0.133  0.010   7.38
15 1 1 6054.59 3976.78  0.915  0.023  0.266 -0.824  0.399  0.117  0.010   2.47
11 1 1 6097.50 3905.86 -1.274 -0.060  0.057 -0.272  0.087  0.117  0.010  11.30
31 1 1 6068.60 3971.81 -2.187  0.002  0.037 -0.027  0.061  0.133  0.010  16.07
31 1 1 6082.06 4024.96 -2.047  0.011  0.040  0.242  0.083  0.133  0.010  11.87
11 1 1 6040.86 3903.52 -0.966 -0.049  0.068 -0.011  0.133  0.118  0.010   7.43
31 1 1 6100.38 3995.76 -1.766 -0.003  0.046 -0.053  0.082  0.133  0.010  12.07
11 1 1 6068.60 3971.81 -1.157 -0.015  0.062 -0.117  0.109  0.117  0.010   9.05
31 1 1 5987.35 3918.10 -1.635 -0.020  0.050 -0.142  0.085  0.134  0.010  11.58
23 1 1 6050.90 4008.52 -0.694 -0.002  0.087  0.364  0.274  0.133  0.010   3.60
31 1 1 6001.41 3975.37 -1.541  0.017  0.053  0.247  0.126  0.134  0.010   7.83
23 1 1 6031.51 3969.97 -0.681  0.029  0.090  0.881  0.449  0.134  0.010   2.20
31 1 1 5989.72 3946.30 -1.235  0.003  0.062  0.210  0.153  0.134  0.010   6.43
23 1 1 6093.85 3971.54 -0.214 -0.046  0.121  1.094  0.765  0.133  0.010   1.29
31 1 1 6031.42 4003.58 -1.081  0.005  0.068 -0.069  0.141  0.133  0.010   7.01
31 1 1 6088.49 4003.86 -0.976 -0.003  0.073  0.274  0.202  0.133  0.010   4.88
31 1 1 6108.12 3925.02 -0.880 -0.022  0.077 -0.212  0.146  0.133  0.010   6.76
11 1 1 6082.06 4024.96 -0.819 -0.010  0.075  0.136  0.178  0.116  0.010   5.54
31 1 1 6050.90 4008.52 -0.640 -0.033  0.090  0.015  0.211  0.133  0.010   4.67
11 1 1 6100.38 3995.76 -0.700 -0.002  0.080  0.154  0.195  0.116  0.010   5.07
31 1 1 6031.51 3969.97 -0.590  0.019  0.097  1.109  0.594  0.134  0.010   1.66
11 1 1 5987.35 3918.10 -0.620 -0.001  0.085  0.035  0.192  0.118  0.010   5.14
31 1 1 6093.85 3971.54 -0.110  0.013  0.135  0.082  0.369  0.133  0.010   2.68
11 1 1 6001.41 3975.37 -0.432 -0.065  0.095 -0.551  0.141  0.117  0.010   7.01
31 1 1 6054.59 3976.78 -0.090  0.012  0.136  0.240  0.428  0.133  0.010   2.31
11 1 1 5989.72 3946.30 -0.297  0.008  0.105 -0.107  0.227  0.118  0.010   4.35
11 1 1 6031.42 4003.58  0.038  0.023  0.133  0.626  0.568  0.117  0.010   1.74
11 1 1 6108.12 3925.02  0.293 -0.016  0.158 -0.483  0.281  0.117  0.010   3.51
11 1 1 6031.51 3969.97  1.160 -0.155  0.290  0.830  1.607  0.117  0.010   0.61
11 1 1 6093.85 3971.54  0.720 -0.003  0.219  0.070  0.634  0.117  0.010   1.56
11 1 1 6054.59 3976.78  0.952 -0.003  0.268 -0.874  0.387  0.117  0.010   2.55
