15 1 1 5896.90 2483.01 -2.781  0.002  0.031  0.107  0.045  0.133  0.010  22.07
15 1 1 5833.15 2562.16 -2.670 -0.007  0.032 -0.055  0.043  0.132  0.010  23.11
15 1 1 5846.79 2444.17 -2.244 -0.037  0.039 -0.268  0.051  0.133  0.010  19.35
15 1 1 5902.30 2532.31 -1.955  0.010  0.043  0.113  0.077  0.132  0.010  12.70
15 1 1 5910.28 2469.99 -1.828  0.002  0.045  0.201  0.093  0.133  0.010  10.58
15 1 1 5876.38 2465.78 -1.803 -0.029  0.046  0.012  0.080  0.133  0.010  12.31
 7 1 1 5896.90 2483.01 -2.793 -0.001  0.031  0.046  0.043  0.133  0.010  23.04
15 1 1 5852.89 2516.88 -1.784 -0.003  0.046 -0.028  0.079  0.133  0.010  12.46
 7 1 1 5833.15 2562.16 -2.699  0.002  0.032 -0.027  0.042  0.132  0.010  23.26
 7 1 1 5846.79 2444.17 -2.240 -0.033  0.039 -0.193  0.054  0.134  0.010  18.37
15 1 1 5852.27 2416.22 -2.111  0.000  0.040  0.047  0.067  0.134  0.010  14.63
 7 1 1 5902.30 2532.31 -1.955  0.005  0.043  0.041  0.074  0.132  0.010  13.36
15 1 1 5906.97 2427.37 -0.962 -0.034  0.072  0.109  0.166  0.133  0.010   5.90
 7 1 1 5910.28 2469.99 -1.811  0.008  0.046  0.110  0.088  0.133  0.010  11.21
15 1 1 5893.63 2470.86 -0.884  0.024  0.076  3.183  2.834  0.133  0.010   0.35
 7 1 1 5876.38 2465.78 -1.806 -0.031  0.045 -0.012  0.078  0.133  0.010  12.56
 7 1 1 5852.89 2516.88 -1.827 -0.016  0.045 -0.085  0.072  0.133  0.010  13.59
 7 1 1 5852.27 2416.22 -2.129  0.014  0.040  0.052  0.068  0.134  0.010  14.56
 7 1 1 5906.97 2427.37 -0.930 -0.057  0.072 -0.124  0.140  0.133  0.010   7.02
 7 1 1 5893.63 2470.86 -0.823 -0.023  0.078  0.369  0.232  0.133  0.010   4.24
 7 1 1 5822.99 2528.23  0.370  0.053  0.185  0.441  0.735  0.133  0.010   1.34
23 1 1 5896.90 2483.01 -4.027  0.007  0.020  0.030  0.024  0.150  0.010  40.96
11 1 1 5896.90 2483.01 -2.788  0.004  0.031  0.088  0.044  0.132  0.010  22.39
23 1 1 5833.15 2562.16 -3.944  0.008  0.021 -0.010  0.024  0.150  0.010  40.62
11 1 1 5833.15 2562.16 -2.665  0.002  0.032  0.066  0.046  0.132  0.010  21.56
23 1 1 5846.79 2444.17 -3.229 -0.004  0.028 -0.122  0.037  0.151  0.010  26.91
11 1 1 5846.79 2444.17 -2.224 -0.032  0.039 -0.253  0.052  0.133  0.010  18.84
19 1 1 5896.90 2483.01 -4.021  0.008  0.020  0.030  0.024  0.151  0.010  40.81
11 1 1 5902.30 2532.31 -2.024 -0.014  0.041 -0.087  0.063  0.132  0.010  15.50
23 1 1 5902.30 2532.31 -3.212  0.014  0.026  0.127  0.037  0.150  0.010  26.29
19 1 1 5833.15 2562.16 -3.941  0.006  0.021 -0.027  0.024  0.150  0.010  40.98
23 1 1 5910.28 2469.99 -3.080  0.003  0.027  0.009  0.040  0.151  0.010  24.47
23 1 1 5876.38 2465.78 -2.797 -0.007  0.030 -0.135  0.042  0.151  0.010  23.19
19 1 1 5846.79 2444.17 -3.235  0.001  0.028 -0.086  0.037  0.152  0.010  26.23
19 1 1 5902.30 2532.31 -3.242  0.006  0.025  0.061  0.035  0.150  0.010  27.78
23 1 1 5852.89 2516.88 -2.477  0.007  0.034 -0.041  0.054  0.150  0.010  18.22
19 1 1 5910.28 2469.99 -3.089  0.006  0.027 -0.022  0.039  0.151  0.010  25.01
23 1 1 5852.27 2416.22 -2.104  0.003  0.041  0.133  0.085  0.152  0.010  11.58
19 1 1 5876.38 2465.78 -2.789 -0.003  0.030 -0.119  0.043  0.151  0.010  22.85
23 1 1 5906.97 2427.37 -2.116 -0.021  0.040 -0.129  0.066  0.151  0.010  14.99
19 1 1 5852.89 2516.88 -2.481 -0.003  0.034 -0.017  0.054  0.151  0.010  18.18
23 1 1 5893.63 2470.86 -1.928 -0.018  0.044  0.062  0.086  0.151  0.010  11.40
19 1 1 5852.27 2416.22 -2.127  0.024  0.041  0.244  0.092  0.152  0.010  10.73
19 1 1 5906.97 2427.37 -2.145 -0.008  0.039 -0.110  0.066  0.151  0.010  14.86
19 1 1 5893.63 2470.86 -1.941 -0.003  0.044  0.034  0.085  0.151  0.010  11.58
23 1 1 5822.99 2528.23 -1.483  0.048  0.056  0.799  0.229  0.151  0.010   4.30
19 1 1 5822.99 2528.23 -1.501  0.001  0.055  0.101  0.122  0.151  0.010   8.03
31 1 1 5896.90 2483.01 -4.041  0.004  0.020  0.007  0.024  0.150  0.010  41.61
31 1 1 5833.15 2562.16 -3.931  0.009  0.021  0.008  0.024  0.150  0.010  40.19
31 1 1 5846.79 2444.17 -3.245 -0.004  0.028 -0.106  0.037  0.151  0.010  26.90
11 1 1 5910.28 2469.99 -1.898  0.001  0.044  0.280  0.092  0.132  0.010  10.67
31 1 1 5902.30 2532.31 -3.235  0.006  0.025  0.042  0.035  0.150  0.010  28.09
11 1 1 5876.38 2465.78 -1.777 -0.029  0.046 -0.191  0.071  0.133  0.010  13.83
 3 1 1 5896.90 2483.01 -2.800 -0.001  0.031  0.052  0.043  0.133  0.010  22.96
31 1 1 5910.28 2469.99 -3.064  0.006  0.027  0.008  0.040  0.151  0.010  24.27
27 1 1 5896.90 2483.01 -4.044  0.007  0.020  0.023  0.024  0.151  0.010  41.41
31 1 1 5876.38 2465.78 -2.800 -0.001  0.030 -0.013  0.045  0.151  0.010  21.66
27 1 1 5833.15 2562.16 -3.943  0.008  0.021  0.005  0.024  0.150  0.010  40.54
31 1 1 5852.89 2516.88 -2.484 -0.007  0.034 -0.067  0.052  0.150  0.010  18.79
 3 1 1 5833.15 2562.16 -2.639 -0.004  0.032 -0.029  0.044  0.132  0.010  22.12
27 1 1 5846.79 2444.17 -3.237 -0.006  0.028 -0.065  0.038  0.151  0.010  26.20
31 1 1 5852.27 2416.22 -2.075  0.003  0.042  0.040  0.081  0.152  0.010  12.07
27 1 1 5902.30 2532.31 -3.215  0.011  0.026  0.113  0.037  0.150  0.010  26.66
31 1 1 5906.97 2427.37 -2.084 -0.019  0.040 -0.119  0.068  0.151  0.010  14.50
27 1 1 5910.28 2469.99 -3.070  0.006  0.027 -0.019  0.040  0.151  0.010  24.70
31 1 1 5893.63 2470.86 -1.911  0.003  0.045  0.295  0.106  0.151  0.010   9.23
27 1 1 5876.38 2465.78 -2.764  0.003  0.030 -0.072  0.045  0.151  0.010  21.88
 3 1 1 5846.79 2444.17 -2.201 -0.017  0.040 -0.192  0.056  0.134  0.010  17.59
31 1 1 5822.99 2528.23 -1.516  0.016  0.055  0.189  0.131  0.151  0.010   7.52
11 1 1 5852.89 2516.88 -1.825 -0.017  0.045 -0.232  0.067  0.132  0.010  14.78
27 1 1 5852.89 2516.88 -2.496  0.007  0.034 -0.030  0.053  0.151  0.010  18.39
 3 1 1 5902.30 2532.31 -1.949  0.004  0.043  0.203  0.083  0.132  0.010  11.81
27 1 1 5852.27 2416.22 -2.085  0.007  0.041  0.110  0.085  0.152  0.010  11.58
11 1 1 5852.27 2416.22 -2.171  0.021  0.040 -0.014  0.063  0.134  0.010  15.63
27 1 1 5906.97 2427.37 -2.141 -0.015  0.039 -0.191  0.062  0.151  0.010  15.78
11 1 1 5906.97 2427.37 -0.808 -0.045  0.078 -0.120  0.156  0.133  0.010   6.29
 3 1 1 5910.28 2469.99 -1.863 -0.007  0.044  0.042  0.080  0.133  0.010  12.29
27 1 1 5893.63 2470.86 -1.945  0.011  0.044  0.333  0.107  0.151  0.010   9.19
11 1 1 5893.63 2470.86 -0.776  0.086  0.084  2.005  1.125  0.133  0.010   0.87
 3 1 1 5876.38 2465.78 -1.809 -0.053  0.045 -0.196  0.068  0.133  0.010  14.39
11 1 1 5822.99 2528.23  0.421  0.049  0.191 -0.105  0.483  0.132  0.010   2.04
 3 1 1 5852.89 2516.88 -1.818 -0.028  0.045 -0.187  0.068  0.133  0.010  14.39
27 1 1 5822.99 2528.23 -1.417  0.044  0.059  0.179  0.144  0.151  0.010   6.84
 3 1 1 5852.27 2416.22 -2.169  0.010  0.039 -0.033  0.062  0.134  0.010  15.97
 3 1 1 5906.97 2427.37 -0.871 -0.057  0.075 -0.066  0.154  0.133  0.010   6.39
 3 1 1 5893.63 2470.86 -0.749 -0.027  0.082  0.605  0.301  0.133  0.010   3.26
 3 1 1 5822.99 2528.23  0.407  0.114  0.197  0.541  0.883  0.133  0.010   1.11
