32 sets of output data
jw02875012001_02101_00001_nrcb1_cal
      0.00000000
jw02875012001_02101_00001_nrcb2_cal
      0.00000000
jw02875012001_02101_00001_nrcb3_cal
      0.00000000
jw02875012001_02101_00001_nrcb4_cal
      0.00000000
jw02875012001_02101_00002_nrcb1_cal
      0.00000000
jw02875012001_02101_00002_nrcb2_cal
      0.00000000
jw02875012001_02101_00002_nrcb3_cal
      0.00000000
jw02875012001_02101_00002_nrcb4_cal
      0.00000000
jw02875012001_02101_00003_nrcb1_cal
      0.00000000
jw02875012001_02101_00003_nrcb2_cal
      0.00000000
jw02875012001_02101_00003_nrcb3_cal
      0.00000000
jw02875012001_02101_00003_nrcb4_cal
      0.00000000
jw02875012001_02101_00004_nrcb1_cal
      0.00000000
jw02875012001_02101_00004_nrcb2_cal
      0.00000000
jw02875012001_02101_00004_nrcb3_cal
      0.00000000
jw02875012001_02101_00004_nrcb4_cal
      0.00000000
jw02875012001_04101_00001_nrcb1_cal
      0.00000000
jw02875012001_04101_00001_nrcb2_cal
      0.00000000
jw02875012001_04101_00001_nrcb3_cal
      0.00000000
jw02875012001_04101_00001_nrcb4_cal
      0.00000000
jw02875012001_04101_00002_nrcb1_cal
      0.00000000
jw02875012001_04101_00002_nrcb2_cal
      0.00000000
jw02875012001_04101_00002_nrcb3_cal
      0.00000000
jw02875012001_04101_00002_nrcb4_cal
      0.00000000
jw02875012001_04101_00003_nrcb1_cal
      0.00000000
jw02875012001_04101_00003_nrcb2_cal
      0.00000000
jw02875012001_04101_00003_nrcb3_cal
      0.00000000
jw02875012001_04101_00003_nrcb4_cal
      0.00000000
jw02875012001_04101_00004_nrcb1_cal
      0.00000000
jw02875012001_04101_00004_nrcb2_cal
      0.00000000
jw02875012001_04101_00004_nrcb3_cal
      0.00000000
jw02875012001_04101_00004_nrcb4_cal
      0.00000000

EXTENSION 1 CHIP 1
Limits
 5880 6020 3075 3220
* NIRCAM-specific info
* image 1: F090W 0 429.472000
* image 2: F090W 0 429.472000
* image 3: F090W 0 429.472000
* image 4: F090W 0 429.472000
* image 5: F090W 0 429.472000
* image 6: F090W 0 429.472000
* image 7: F090W 0 429.472000
* image 8: F090W 0 429.472000
* image 9: F090W 0 429.472000
* image 10: F090W 0 429.472000
* image 11: F090W 0 429.472000
* image 12: F090W 0 429.472000
* image 13: F090W 0 429.472000
* image 14: F090W 0 429.472000
* image 15: F090W 0 429.472000
* image 16: F090W 0 429.472000
* image 17: F150W 0 536.840000
* image 18: F150W 0 536.840000
* image 19: F150W 0 536.840000
* image 20: F150W 0 536.840000
* image 21: F150W 0 536.840000
* image 22: F150W 0 536.840000
* image 23: F150W 0 536.840000
* image 24: F150W 0 536.840000
* image 25: F150W 0 536.840000
* image 26: F150W 0 536.840000
* image 27: F150W 0 536.840000
* image 28: F150W 0 536.840000
* image 29: F150W 0 536.840000
* image 30: F150W 0 536.840000
* image 31: F150W 0 536.840000
* image 32: F150W 0 536.840000
Alignment
 0.000000 0.000000 1.000000 0.000000 0.000000 1.024000e+03 1.024000e+03 8.808543e+03 3.359967e+03 9.828908e-01 -1.552046e-02 1.088481e-07 -5.260646e-06 1.215656e-06 3.984240e-10 3.063156e-11 3.171278e-10 -7.362151e-12 -3.187483e-15 -3.186845e-14 -1.330465e-14 -1.618372e-14 -4.943904e-14 -9.214695e-17 -7.873194e-17 6.750295e-17 6.917508e-17 1.313594e-17 -1.074492e-17 1.672522e-02 9.859247e-01 2.972949e-06 -1.131349e-06 -2.349756e-06 3.975533e-12 3.471391e-10 1.497266e-11 3.909154e-10 -1.073007e-13 2.162709e-14 -1.115384e-13 1.215799e-14 -1.577697e-13 3.957239e-18 -1.769187e-17 2.590460e-17 -2.351382e-17 2.563564e-17 -8.193514e-17 1.017135e+00 1.601180e-02 -1.541615e-07 5.354330e-06 -1.181857e-06 -4.279042e-10 -2.380780e-11 -2.882679e-10 -3.369046e-12 1.659957e-15 2.720908e-14 1.446378e-14 6.295626e-15 4.947414e-14 9.788115e-17 9.308318e-17 -5.977248e-17 -7.638508e-17 -1.496158e-17 1.018513e-17 -1.725464e-02 1.014004e+00 -3.054330e-06 1.065123e-06 2.379579e-06 -7.390489e-12 -4.054899e-10 8.574062e-12 -3.911926e-10 1.163309e-13 -2.046906e-14 1.148694e-13 -2.147743e-14 1.618152e-13 -2.785353e-18 2.351481e-17 -2.910427e-17 2.528921e-17 -3.387540e-17 8.854626e-17
 0.000000 0.000000 1.000000 0.000000 0.000000 1.024000e+03 1.024000e+03 8.837759e+03 1.191474e+03 9.957243e-01 -2.460814e-02 5.042954e-08 -6.775552e-06 1.149162e-06 5.355480e-10 2.053247e-11 3.737776e-10 -6.633927e-11 8.064432e-14 -7.203222e-15 4.104737e-14 -1.036329e-15 3.162971e-14 -1.688143e-16 6.982418e-18 -8.335626e-18 -2.208595e-17 6.737040e-17 5.332911e-17 2.339500e-02 1.001542e+00 2.109803e-06 -1.048734e-06 -4.677317e-06 1.479572e-11 3.539996e-10 -9.458515e-13 3.240608e-10 -3.155792e-14 -3.390858e-14 -7.930019e-14 -3.101705e-14 -2.134257e-14 -3.519818e-18 -1.485724e-17 4.292626e-17 5.955956e-17 -3.513388e-17 3.050240e-17 1.003715e+00 2.466143e-02 -1.568447e-07 6.784968e-06 -1.088392e-06 -5.533768e-10 -2.643308e-11 -3.024149e-10 4.694715e-11 -8.260965e-14 -6.272151e-15 -4.071418e-14 -1.145413e-14 -3.113336e-14 1.718126e-16 1.084422e-17 9.303526e-18 2.916660e-17 -5.957707e-17 -5.429015e-17 -2.344570e-02 9.978819e-01 -2.155703e-06 8.880435e-07 4.667431e-06 -2.055038e-11 -4.047436e-10 2.000681e-11 -2.723605e-10 3.169051e-14 3.131849e-14 7.118611e-14 3.243660e-14 1.204711e-14 7.536672e-18 1.795317e-17 -3.581000e-17 -6.415778e-17 3.537765e-17 -3.368487e-17
 -0.037466 -0.313217 1.000000 0.000000 -0.030108 1.024000e+03 1.024000e+03 6.636674e+03 3.338911e+03 9.871866e-01 -1.833682e-03 -2.162640e-06 -5.320923e-06 3.366828e-07 2.879805e-10 -3.100714e-11 4.650457e-10 -2.413518e-13 9.706256e-14 5.111952e-15 5.254859e-14 9.900415e-15 4.878973e-14 3.412937e-17 4.525619e-17 -1.541165e-17 1.903875e-17 -4.549649e-17 -1.408119e-17 2.525403e-03 9.899580e-01 2.934094e-06 -2.535487e-06 -2.458061e-06 -1.028929e-10 4.286565e-10 -4.363076e-11 4.565118e-10 -1.057866e-13 -5.635058e-15 -7.308695e-14 -9.567548e-15 -7.361521e-14 6.782626e-17 -1.236262e-18 3.583471e-17 -1.005675e-16 1.035090e-17 -5.348376e-17 1.012975e+00 1.876328e-03 2.182956e-06 5.379980e-06 -3.340079e-07 -3.023023e-10 8.407453e-11 -4.350743e-10 -3.202178e-12 -1.050542e-13 -1.372942e-14 -5.823127e-14 -1.759071e-14 -4.929699e-14 -3.594184e-17 -5.033412e-17 1.644245e-17 -2.121676e-17 4.678487e-17 1.371183e-17 -2.584063e-03 1.010139e+00 -2.980469e-06 2.558319e-06 2.486147e-06 8.533953e-11 -4.737116e-10 8.003349e-11 -4.533521e-10 1.119405e-13 9.161005e-16 7.381549e-14 6.179752e-15 7.171516e-14 -6.967553e-17 3.358267e-18 -3.715143e-17 1.061187e-16 -9.741647e-18 5.654285e-17
 0.000000 0.000000 1.000000 0.000000 0.000000 1.024000e+03 1.024000e+03 6.650713e+03 1.163439e+03 1.000299e+00 -3.821635e-03 -2.143205e-06 -6.806290e-06 2.728591e-07 3.414097e-10 1.589823e-11 3.833315e-10 -4.860870e-11 2.398163e-14 -2.874252e-15 7.066137e-14 -9.778889e-15 9.543964e-14 -6.703212e-18 4.167822e-17 -1.785934e-17 6.010589e-18 2.153721e-17 5.644094e-17 8.206580e-03 1.005988e+00 1.968923e-06 -2.602541e-06 -4.757391e-06 -3.571781e-11 3.769664e-10 2.103276e-11 3.061621e-10 7.547974e-14 1.491494e-14 2.121660e-14 3.807483e-14 -2.781800e-14 2.105128e-17 -4.320521e-17 9.998283e-18 -7.331907e-19 1.531778e-17 4.717201e-17 9.996687e-01 3.797674e-03 2.094689e-06 6.776587e-06 -2.612135e-07 -3.426310e-10 4.871586e-11 -3.030894e-10 4.302726e-11 -2.733747e-14 -6.303082e-15 -7.390249e-14 1.096823e-15 -9.424921e-14 4.676924e-18 -4.213139e-17 1.565409e-17 -6.357284e-18 -1.971784e-17 -5.692700e-17 -8.154998e-03 9.940156e-01 -1.983791e-06 2.564920e-06 4.737419e-06 2.267768e-11 -4.088412e-10 3.525606e-11 -2.561724e-10 -7.330274e-14 -1.964676e-14 -2.669125e-14 -4.325248e-14 1.726381e-14 -2.201781e-17 3.955101e-17 -9.263324e-18 -5.397719e-19 -1.369131e-17 -4.682824e-17
 0.000000 0.000000 1.000000 0.000000 0.000000 1.024000e+03 1.024000e+03 8.804611e+03 3.346233e+03 9.828908e-01 -1.551785e-02 1.088562e-07 -5.260644e-06 1.215656e-06 3.984971e-10 3.061576e-11 3.171314e-10 -7.402990e-12 -3.195437e-15 -3.186644e-14 -1.330245e-14 -1.618951e-14 -4.944089e-14 -9.220037e-17 -7.872533e-17 6.750087e-17 6.918380e-17 1.313869e-17 -1.071882e-17 1.672256e-02 9.859250e-01 2.972951e-06 -1.131339e-06 -2.349758e-06 4.201518e-12 3.468478e-10 1.503847e-11 3.901869e-10 -1.073016e-13 2.162621e-14 -1.115428e-13 1.214453e-14 -1.577655e-13 3.813940e-18 -1.760472e-17 2.584805e-17 -2.326837e-17 2.561508e-17 -8.150250e-17 1.017134e+00 1.600910e-02 -1.541616e-07 5.354340e-06 -1.181862e-06 -4.271383e-10 -2.377647e-11 -2.879316e-10 -3.334044e-12 1.667292e-15 2.719741e-14 1.446090e-14 6.290989e-15 4.947227e-14 9.741338e-17 9.304930e-17 -6.005038e-17 -7.638765e-17 -1.508124e-17 1.016159e-17 -1.725195e-02 1.014004e+00 -3.054329e-06 1.065133e-06 2.379586e-06 -7.452104e-12 -4.052890e-10 8.555966e-12 -3.906943e-10 1.163323e-13 -2.046791e-14 1.148707e-13 -2.147138e-14 1.618079e-13 -2.742422e-18 2.345195e-17 -2.909167e-17 2.511494e-17 -3.385948e-17 8.824172e-17
 0.000000 0.000000 1.000000 0.000000 0.000000 1.024000e+03 1.024000e+03 8.833821e+03 1.177740e+03 9.957247e-01 -2.460542e-02 5.044540e-08 -6.775550e-06 1.149176e-06 5.346988e-10 2.052059e-11 3.732950e-10 -6.677006e-11 8.062123e-14 -7.203005e-15 4.104894e-14 -1.036179e-15 3.161366e-14 -1.683462e-16 6.952785e-18 -7.982972e-18 -2.203320e-17 6.755872e-17 5.363251e-17 2.339237e-02 1.001544e+00 2.109791e-06 -1.048735e-06 -4.677314e-06 1.479272e-11 3.512835e-10 -8.874731e-13 3.174509e-10 -3.154717e-14 -3.391632e-14 -7.930311e-14 -3.100491e-14 -2.133062e-14 -3.514326e-18 -1.392435e-17 4.291243e-17 6.169331e-17 -3.518078e-17 3.444998e-17 1.003714e+00 2.465876e-02 -1.568279e-07 6.784976e-06 -1.088403e-06 -5.521405e-10 -2.640361e-11 -3.018761e-10 4.697009e-11 -8.261227e-14 -6.280399e-15 -4.071634e-14 -1.145934e-14 -3.112851e-14 1.710796e-16 1.079142e-17 8.885919e-18 2.917664e-17 -5.977150e-17 -5.430902e-17 -2.344304e-02 9.978821e-01 -2.155697e-06 8.880654e-07 4.667424e-06 -2.054750e-11 -4.048283e-10 2.002719e-11 -2.725654e-10 3.168624e-14 3.132238e-14 7.119210e-14 3.242844e-14 1.205305e-14 7.540349e-18 1.796754e-17 -3.582553e-17 -6.407195e-17 3.536721e-17 -3.356626e-17
 -0.052548 -0.090729 1.000000 0.000000 -0.018369 1.024000e+03 1.024000e+03 6.632742e+03 3.325182e+03 9.871871e-01 -1.831059e-03 -2.162645e-06 -5.320923e-06 3.366834e-07 2.866557e-10 -3.099924e-11 4.644627e-10 -2.469545e-13 9.706930e-14 5.114286e-15 5.254866e-14 9.902035e-15 4.878949e-14 3.491626e-17 4.525135e-17 -1.496336e-17 1.903695e-17 -4.528444e-17 -1.407562e-17 2.522779e-03 9.899581e-01 2.934093e-06 -2.535480e-06 -2.458057e-06 -1.028740e-10 4.285905e-10 -4.366397e-11 4.563956e-10 -1.057872e-13 -5.638487e-15 -7.308681e-14 -9.574674e-15 -7.361996e-14 6.781089e-17 -1.207905e-18 3.582861e-17 -1.005195e-16 1.038613e-17 -5.341946e-17 1.012974e+00 1.873641e-03 2.182968e-06 5.379984e-06 -3.340118e-07 -3.010897e-10 8.408163e-11 -4.345620e-10 -3.196472e-12 -1.050602e-13 -1.373971e-14 -5.823238e-14 -1.759378e-14 -4.930151e-14 -3.668592e-17 -5.033508e-17 1.604007e-17 -2.122806e-17 4.659693e-17 1.370976e-17 -2.581379e-03 1.010139e+00 -2.980468e-06 2.558331e-06 2.486140e-06 8.534821e-11 -4.735730e-10 8.003326e-11 -4.530508e-10 1.119400e-13 9.170355e-16 7.381809e-14 6.181996e-15 7.171590e-14 -6.968249e-17 3.304923e-18 -3.713873e-17 1.060123e-16 -9.748499e-18 5.636065e-17
 0.000000 0.000000 1.000000 0.000000 0.000000 1.024000e+03 1.024000e+03 6.646775e+03 1.149711e+03 1.000300e+00 -3.818975e-03 -2.143207e-06 -6.806281e-06 2.728427e-07 3.398889e-10 1.591391e-11 3.825931e-10 -4.861718e-11 2.398821e-14 -2.881590e-15 7.065570e-14 -9.779836e-15 9.546057e-14 -5.800816e-18 4.164945e-17 -1.732984e-17 6.029717e-18 2.182913e-17 5.643863e-17 8.203906e-03 1.005989e+00 1.968934e-06 -2.602534e-06 -4.757382e-06 -3.572169e-11 3.757483e-10 2.101073e-11 3.035136e-10 7.545756e-14 1.490951e-14 2.123835e-14 3.807475e-14 -2.783196e-14 2.104706e-17 -4.276546e-17 1.001597e-17 2.011790e-19 1.533106e-17 4.873709e-17 9.996693e-01 3.795031e-03 2.094699e-06 6.776558e-06 -2.612099e-07 -3.444248e-10 4.870977e-11 -3.037922e-10 4.301619e-11 -2.733805e-14 -6.278361e-15 -7.389401e-14 1.104235e-15 -9.426187e-14 5.751845e-18 -4.210705e-17 1.620544e-17 -6.381783e-18 -1.948239e-17 -5.691296e-17 -8.152332e-03 9.940154e-01 -1.983803e-06 2.564936e-06 4.737413e-06 2.267019e-11 -4.084920e-10 3.524257e-11 -2.555070e-10 -7.328007e-14 -1.964386e-14 -2.671548e-14 -4.325175e-14 1.727452e-14 -2.201028e-17 3.942075e-17 -9.263246e-18 -7.979657e-19 -1.367929e-17 -4.720697e-17
 0.000000 0.000000 1.000000 0.000000 0.000000 1.024000e+03 1.024000e+03 8.794814e+03 3.363918e+03 9.828911e-01 -1.551828e-02 1.088500e-07 -5.260636e-06 1.215663e-06 3.976584e-10 3.061205e-11 3.168077e-10 -7.395392e-12 -3.191035e-15 -3.187095e-14 -1.330048e-14 -1.619172e-14 -4.944947e-14 -9.169140e-17 -7.872326e-17 6.775471e-17 6.918891e-17 1.324691e-17 -1.072575e-17 1.672303e-02 9.859257e-01 2.972944e-06 -1.131343e-06 -2.349752e-06 3.988682e-12 3.460456e-10 1.502357e-11 3.883572e-10 -1.072981e-13 2.162779e-14 -1.115382e-13 1.214930e-14 -1.577703e-13 3.957143e-18 -1.731798e-17 2.588151e-17 -2.265240e-17 2.560206e-17 -8.041586e-17 1.017134e+00 1.600953e-02 -1.541571e-07 5.354336e-06 -1.181865e-06 -4.267917e-10 -2.375975e-11 -2.878094e-10 -3.341491e-12 1.663448e-15 2.720060e-14 1.445737e-14 6.293201e-15 4.947787e-14 9.719095e-17 9.302969e-17 -6.014732e-17 -7.639155e-17 -1.512327e-17 1.016719e-17 -1.725237e-02 1.014004e+00 -3.054325e-06 1.065131e-06 2.379589e-06 -7.381696e-12 -4.048784e-10 8.476508e-12 -3.898063e-10 1.163266e-13 -2.046924e-14 1.148643e-13 -2.147112e-14 1.618058e-13 -2.801986e-18 2.329241e-17 -2.908088e-17 2.479920e-17 -3.378004e-17 8.770221e-17
 0.000000 0.000000 1.000000 0.000000 0.000000 1.024000e+03 1.024000e+03 8.824025e+03 1.195425e+03 9.957243e-01 -2.460583e-02 5.043297e-08 -6.775544e-06 1.149198e-06 5.359228e-10 2.051779e-11 3.737334e-10 -6.663312e-11 8.063246e-14 -7.214392e-15 4.104902e-14 -1.037127e-15 3.159072e-14 -1.690943e-16 6.957208e-18 -8.350811e-18 -2.203613e-17 6.742336e-17 5.353220e-17 2.339268e-02 1.001543e+00 2.109778e-06 -1.048742e-06 -4.677324e-06 1.507683e-11 3.529212e-10 -8.255408e-13 3.213123e-10 -3.153021e-14 -3.390923e-14 -7.929956e-14 -3.100639e-14 -2.132609e-14 -3.704558e-18 -1.452817e-17 4.285707e-17 6.045847e-17 -3.520312e-17 3.212200e-17 1.003715e+00 2.465918e-02 -1.568094e-07 6.784972e-06 -1.088418e-06 -5.533886e-10 -2.644175e-11 -3.023467e-10 4.697233e-11 -8.263433e-14 -6.277642e-15 -4.071279e-14 -1.145806e-14 -3.111341e-14 1.718461e-16 1.085867e-17 9.255895e-18 2.916196e-17 -5.960750e-17 -5.430332e-17 -2.344344e-02 9.978826e-01 -2.155689e-06 8.880634e-07 4.667414e-06 -2.065194e-11 -4.054023e-10 2.005670e-11 -2.739404e-10 3.167770e-14 3.131634e-14 7.119655e-14 3.243233e-14 1.206192e-14 7.607305e-18 1.818875e-17 -3.579531e-17 -6.365271e-17 3.529879e-17 -3.273509e-17
 -0.222606 0.140477 1.000000 0.000000 0.002201 1.024000e+03 1.024000e+03 6.622945e+03 3.342866e+03 9.871873e-01 -1.831480e-03 -2.162636e-06 -5.320914e-06 3.366865e-07 2.862828e-10 -3.100419e-11 4.643293e-10 -2.287218e-13 9.706170e-14 5.111446e-15 5.254101e-14 9.893669e-15 4.878749e-14 3.514760e-17 4.525298e-17 -1.485331e-17 1.903912e-17 -4.524529e-17 -1.409180e-17 2.523202e-03 9.899581e-01 2.934090e-06 -2.535488e-06 -2.458063e-06 -1.028956e-10 4.285713e-10 -4.365073e-11 4.563398e-10 -1.057817e-13 -5.636206e-15 -7.309085e-14 -9.565790e-15 -7.361163e-14 6.782863e-17 -1.208342e-18 3.583640e-17 -1.005021e-16 1.036834e-17 -5.338315e-17 1.012975e+00 1.874074e-03 2.182960e-06 5.379978e-06 -3.340118e-07 -3.019357e-10 8.407531e-11 -4.349204e-10 -3.204196e-12 -1.050535e-13 -1.373298e-14 -5.822570e-14 -1.759150e-14 -4.930116e-14 -3.617110e-17 -5.033711e-17 1.632496e-17 -2.121475e-17 4.672555e-17 1.371197e-17 -2.581807e-03 1.010139e+00 -2.980470e-06 2.558332e-06 2.486142e-06 8.534674e-11 -4.738067e-10 8.002984e-11 -4.536053e-10 1.119408e-13 9.139365e-16 7.382133e-14 6.181195e-15 7.171310e-14 -6.968510e-17 3.390887e-18 -3.714143e-17 1.061984e-16 -9.744480e-18 5.669962e-17
 0.000000 0.000000 1.000000 0.000000 0.000000 1.024000e+03 1.024000e+03 6.636979e+03 1.167394e+03 1.000300e+00 -3.819415e-03 -2.143194e-06 -6.806281e-06 2.728329e-07 3.392408e-10 1.591641e-11 3.823276e-10 -4.859481e-11 2.397564e-14 -2.873828e-15 7.065866e-14 -9.784608e-15 9.546806e-14 -5.413338e-18 4.165540e-17 -1.712059e-17 6.017705e-18 2.192143e-17 5.642729e-17 8.204313e-03 1.005989e+00 1.968933e-06 -2.602539e-06 -4.757381e-06 -3.569861e-11 3.762234e-10 2.101145e-11 3.046715e-10 7.545824e-14 1.491386e-14 2.124124e-14 3.807458e-14 -2.783562e-14 2.103487e-17 -4.292011e-17 1.001054e-17 -1.867976e-19 1.533077e-17 4.805000e-17 9.996687e-01 3.795470e-03 2.094695e-06 6.776574e-06 -2.612041e-07 -3.429035e-10 4.870283e-11 -3.031551e-10 4.299029e-11 -2.733497e-14 -6.300729e-15 -7.389743e-14 1.104926e-15 -9.426598e-14 4.843300e-18 -4.211434e-17 1.571548e-17 -6.364073e-18 -1.970656e-17 -5.689858e-17 -8.152736e-03 9.940153e-01 -1.983801e-06 2.564936e-06 4.737413e-06 2.265568e-11 -4.084078e-10 3.525345e-11 -2.553537e-10 -7.328087e-14 -1.964584e-14 -2.672061e-14 -4.325323e-14 1.727675e-14 -2.199848e-17 3.938428e-17 -9.273219e-18 -8.534586e-19 -1.367788e-17 -4.729660e-17
 0.000000 0.000000 1.000000 0.000000 0.000000 1.024000e+03 1.024000e+03 8.790873e+03 3.350177e+03 9.828909e-01 -1.551697e-02 1.088556e-07 -5.260639e-06 1.215656e-06 3.983601e-10 3.063181e-11 3.170749e-10 -7.340113e-12 -3.196030e-15 -3.187286e-14 -1.330087e-14 -1.618927e-14 -4.944093e-14 -9.211669e-17 -7.873928e-17 6.754621e-17 6.918566e-17 1.315810e-17 -1.076647e-17 1.672171e-02 9.859242e-01 2.972954e-06 -1.131335e-06 -2.349757e-06 4.063453e-12 3.476450e-10 1.502430e-11 3.920178e-10 -1.073031e-13 2.161738e-14 -1.115427e-13 1.214723e-14 -1.577684e-13 3.907004e-18 -1.789822e-17 2.586737e-17 -2.387366e-17 2.561429e-17 -8.259731e-17 1.017135e+00 1.600819e-02 -1.541569e-07 5.354330e-06 -1.181866e-06 -4.276848e-10 -2.378410e-11 -2.881661e-10 -3.333875e-12 1.665062e-15 2.720950e-14 1.446092e-14 6.292471e-15 4.947412e-14 9.775056e-17 9.307491e-17 -5.986415e-17 -7.641016e-17 -1.499537e-17 1.017008e-17 -1.725104e-02 1.014005e+00 -3.054326e-06 1.065132e-06 2.379576e-06 -7.422766e-12 -4.061897e-10 8.571205e-12 -3.927474e-10 1.163316e-13 -2.046317e-14 1.148763e-13 -2.146764e-14 1.618165e-13 -2.773659e-18 2.378885e-17 -2.906790e-17 2.582652e-17 -3.391326e-17 8.950113e-17
 0.000000 0.000000 1.000000 0.000000 0.000000 1.024000e+03 1.024000e+03 8.820081e+03 1.181683e+03 9.957240e-01 -2.460450e-02 5.043985e-08 -6.775548e-06 1.149174e-06 5.365188e-10 2.042307e-11 3.740055e-10 -6.680908e-11 8.063097e-14 -7.205520e-15 4.104277e-14 -1.043129e-15 3.161832e-14 -1.694500e-16 7.017155e-18 -8.539367e-18 -2.199171e-17 6.732146e-17 5.364579e-17 2.339141e-02 1.001544e+00 2.109783e-06 -1.048734e-06 -4.677314e-06 1.489571e-11 3.512857e-10 -8.862694e-13 3.174766e-10 -3.153790e-14 -3.390878e-14 -7.930457e-14 -3.101506e-14 -2.132919e-14 -3.589424e-18 -1.393838e-17 4.290889e-17 6.171413e-17 -3.518017e-17 3.442686e-17 1.003715e+00 2.465784e-02 -1.568238e-07 6.784957e-06 -1.088399e-06 -5.534994e-10 -2.638364e-11 -3.024662e-10 4.706191e-11 -8.261392e-14 -6.263342e-15 -4.071786e-14 -1.145228e-14 -3.113306e-14 1.718966e-16 1.081953e-17 9.325725e-18 2.913520e-17 -5.955381e-17 -5.436330e-17 -2.344212e-02 9.978824e-01 -2.155691e-06 8.880737e-07 4.667424e-06 -2.061683e-11 -4.051612e-10 2.001102e-11 -2.733634e-10 3.168111e-14 3.130862e-14 7.119234e-14 3.243852e-14 1.205262e-14 7.582649e-18 1.808372e-17 -3.580536e-17 -6.381330e-17 3.535693e-17 -3.309214e-17
 -0.092345 -0.136358 1.000000 0.000000 -0.024839 1.024000e+03 1.024000e+03 6.619005e+03 3.329128e+03 9.871880e-01 -1.830165e-03 -2.162644e-06 -5.320911e-06 3.366775e-07 2.843973e-10 -3.102063e-11 4.635388e-10 -2.531812e-13 9.707183e-14 5.104890e-15 5.254729e-14 9.901757e-15 4.879664e-14 3.627758e-17 4.527427e-17 -1.424975e-17 1.903327e-17 -4.495656e-17 -1.407036e-17 2.521890e-03 9.899580e-01 2.934088e-06 -2.535486e-06 -2.458047e-06 -1.028722e-10 4.287473e-10 -4.365844e-11 4.567123e-10 -1.057850e-13 -5.634683e-15 -7.307890e-14 -9.570812e-15 -7.363310e-14 6.780817e-17 -1.261838e-18 3.584326e-17 -1.006490e-16 1.037039e-17 -5.359955e-17 1.012974e+00 1.872733e-03 2.182975e-06 5.379983e-06 -3.340118e-07 -3.002051e-10 8.408460e-11 -4.341847e-10 -3.199836e-12 -1.050646e-13 -1.374098e-14 -5.823404e-14 -1.759309e-14 -4.930441e-14 -3.722754e-17 -5.034549e-17 1.574049e-17 -2.121779e-17 4.645981e-17 1.371014e-17 -2.580466e-03 1.010139e+00 -2.980464e-06 2.558327e-06 2.486127e-06 8.534269e-11 -4.742292e-10 8.004238e-11 -4.545680e-10 1.119413e-13 9.204050e-16 7.381245e-14 6.190453e-15 7.172925e-14 -6.967776e-17 3.541429e-18 -3.715117e-17 1.065350e-16 -9.750520e-18 5.728292e-17
 0.000000 0.000000 1.000000 0.000000 0.000000 1.024000e+03 1.024000e+03 6.633035e+03 1.153656e+03 1.000300e+00 -3.818081e-03 -2.143205e-06 -6.806274e-06 2.728395e-07 3.392874e-10 1.595765e-11 3.823434e-10 -4.858625e-11 2.398616e-14 -2.884342e-15 7.065831e-14 -9.784814e-15 9.546215e-14 -5.438906e-18 4.163285e-17 -1.714495e-17 5.995494e-18 2.192400e-17 5.642767e-17 8.202988e-03 1.005989e+00 1.968927e-06 -2.602535e-06 -4.757379e-06 -3.569309e-11 3.758772e-10 2.100797e-11 3.037988e-10 7.546398e-14 1.491019e-14 2.124045e-14 3.807338e-14 -2.783546e-14 2.102851e-17 -4.280670e-17 1.001527e-17 9.191499e-20 1.533007e-17 4.857478e-17 9.996691e-01 3.794140e-03 2.094706e-06 6.776556e-06 -2.612116e-07 -3.437998e-10 4.866891e-11 -3.035323e-10 4.297842e-11 -2.734060e-14 -6.280315e-15 -7.389463e-14 1.104890e-15 -9.426211e-14 5.375167e-18 -4.208888e-17 1.602018e-17 -6.354901e-18 -1.958277e-17 -5.689305e-17 -8.151417e-03 9.940147e-01 -1.983797e-06 2.564948e-06 4.737421e-06 2.264862e-11 -4.077138e-10 3.522173e-11 -2.537042e-10 -7.328507e-14 -1.964460e-14 -2.672427e-14 -4.325796e-14 1.726564e-14 -2.199627e-17 3.914752e-17 -9.260926e-18 -1.394118e-18 -1.364707e-17 -4.827348e-17
 0.000000 0.000000 1.000000 0.000000 0.000000 1.024000e+03 1.024000e+03 8.808520e+03 3.360063e+03 9.829479e-01 -1.557061e-02 2.152612e-07 -5.292589e-06 1.302444e-06 3.620508e-10 1.948673e-11 3.833145e-10 6.279179e-11 -8.507510e-14 -4.721938e-14 -6.216153e-14 1.812467e-14 -1.057469e-13 -5.134184e-17 -3.853048e-17 4.322650e-17 2.979489e-17 -3.684975e-17 -5.959628e-17 1.675235e-02 9.860065e-01 2.800326e-06 -1.176659e-06 -2.534034e-06 2.304597e-11 2.877914e-10 9.467659e-11 2.728259e-10 1.280974e-15 2.582402e-14 8.129729e-15 3.397824e-14 -1.937174e-14 -1.640268e-17 3.095978e-17 -4.858323e-18 1.113818e-17 -4.367041e-17 1.679059e-17 1.017074e+00 1.606119e-02 -2.653114e-07 5.385374e-06 -1.272432e-06 -3.886924e-10 -1.066038e-11 -3.489911e-10 -7.933629e-11 8.897645e-14 4.630260e-14 6.981891e-14 -3.117943e-14 1.104466e-13 5.359687e-17 4.914542e-17 -3.973321e-17 -3.604796e-17 3.189455e-17 6.519738e-17 -1.728021e-02 1.013919e+00 -2.880913e-06 1.110195e-06 2.565964e-06 -2.684145e-11 -3.410563e-10 -7.729815e-11 -2.718078e-10 3.212450e-15 -2.668775e-14 -8.973522e-15 -3.873323e-14 1.753610e-14 1.858919e-17 -3.068873e-17 2.463843e-18 -1.478673e-17 4.659928e-17 -1.498682e-17
 0.000000 0.000000 1.000000 0.000000 0.000000 1.024000e+03 1.024000e+03 8.837731e+03 1.191571e+03 9.958128e-01 -2.455194e-02 1.896680e-07 -6.760406e-06 1.274038e-06 4.437418e-10 -3.430284e-12 3.714868e-10 -2.118930e-11 -2.755087e-15 -2.344878e-14 -5.577158e-14 3.875372e-15 -5.428629e-14 -9.131834e-17 5.551189e-18 6.943690e-18 5.691354e-18 5.416968e-17 -2.758564e-18 2.331318e-02 1.001562e+00 2.046277e-06 -1.066141e-06 -4.745358e-06 -1.671291e-11 3.627205e-10 -2.083775e-11 3.783824e-10 1.700924e-14 -2.335004e-14 -1.600666e-14 -4.766611e-15 7.801441e-16 1.394141e-17 -2.271164e-17 2.049060e-17 7.014831e-17 1.422553e-17 -3.763703e-17 1.003629e+00 2.460260e-02 -2.971908e-07 6.769107e-06 -1.214613e-06 -4.614969e-10 1.990495e-12 -2.959664e-10 1.426027e-12 2.724496e-15 1.197048e-14 5.872324e-14 -1.832378e-14 5.485252e-14 9.307011e-17 5.598188e-18 -4.798465e-18 1.752219e-18 -5.327645e-17 1.872005e-18 -2.336123e-02 9.978674e-01 -2.095072e-06 9.056496e-07 4.731901e-06 1.420610e-11 -4.129042e-10 4.465273e-11 -3.319568e-10 -1.505199e-14 1.984458e-14 1.022584e-14 4.375992e-15 -6.880669e-15 -1.252652e-17 2.186463e-17 -1.301050e-17 -6.847197e-17 -2.330951e-17 3.693657e-17
 0.007964 -0.105816 1.000000 0.000000 -0.008827 1.024000e+03 1.024000e+03 6.636652e+03 3.339011e+03 9.872255e-01 -1.824748e-03 -1.935355e-06 -5.312326e-06 5.556399e-07 3.576599e-10 6.261259e-12 4.245473e-10 -1.712378e-11 -6.644024e-14 8.114296e-16 -9.678282e-14 9.438640e-15 -8.813065e-14 -3.871253e-17 5.609462e-18 2.854313e-17 1.700693e-17 -3.436350e-17 -5.307068e-18 2.468435e-03 9.900379e-01 2.838638e-06 -2.507802e-06 -2.590836e-06 1.223406e-11 4.268115e-10 -5.444549e-11 4.114462e-10 -4.533256e-14 -1.019759e-14 8.309638e-15 -1.966102e-14 2.988552e-14 -2.129861e-17 -1.228015e-17 -1.297923e-17 -9.830549e-17 2.831098e-17 -3.916139e-17 1.012935e+00 1.866966e-03 1.952241e-06 5.370698e-06 -5.543188e-07 -3.741731e-10 4.272080e-11 -3.951099e-10 1.147481e-11 6.576115e-14 -7.426073e-15 9.597812e-14 -1.813968e-14 9.115688e-14 4.170447e-17 -4.177254e-18 -2.799880e-17 -1.750039e-17 3.664428e-17 6.954510e-18 -2.525527e-03 1.010057e+00 -2.884832e-06 2.528757e-06 2.619416e-06 -3.092070e-11 -4.725105e-10 9.274208e-11 -4.064670e-10 5.032904e-14 7.492135e-15 -9.312403e-15 1.810360e-14 -3.425598e-14 2.259382e-17 1.489364e-17 1.203775e-17 1.041417e-16 -3.019278e-17 4.026843e-17
 0.000000 0.000000 1.000000 0.000000 0.000000 1.024000e+03 1.024000e+03 6.650687e+03 1.163541e+03 1.000347e+00 -3.869870e-03 -1.914005e-06 -6.810173e-06 5.644849e-07 3.496998e-10 4.987606e-11 3.524391e-10 3.006528e-11 -1.401574e-13 -1.514904e-14 -1.073880e-13 3.529046e-15 -1.108891e-13 -3.181792e-17 -2.406380e-18 2.941457e-17 -1.256928e-17 2.025332e-17 -2.558637e-17 8.200147e-03 1.006024e+00 2.031804e-06 -2.612558e-06 -4.734962e-06 1.193785e-11 4.089558e-10 9.646747e-11 3.187465e-10 2.764838e-14 1.701231e-14 9.074494e-15 3.320298e-14 -5.240175e-14 -1.388353e-17 -8.594717e-17 -3.554092e-17 -2.193047e-17 -5.195115e-17 3.556567e-17 9.996219e-01 3.845243e-03 1.865756e-06 6.782707e-06 -5.502481e-07 -3.554450e-10 1.142857e-11 -2.743484e-10 -3.853915e-11 1.366955e-13 6.452846e-15 1.025690e-13 -1.656117e-14 1.088422e-13 3.310048e-17 7.419222e-18 -2.731504e-17 1.432596e-17 -1.902516e-17 2.759793e-17 -8.148006e-03 9.939809e-01 -2.049572e-06 2.572817e-06 4.711987e-06 -2.430546e-11 -4.433124e-10 -3.767936e-11 -2.733238e-10 -2.322221e-14 -1.931965e-14 -1.121121e-14 -3.731145e-14 4.382167e-14 1.262286e-17 8.484736e-17 3.473020e-17 2.043001e-17 5.117721e-17 -3.181025e-17
 0.000000 0.000000 1.000000 0.000000 0.000000 1.024000e+03 1.024000e+03 8.804586e+03 3.346326e+03 9.829502e-01 -1.556870e-02 2.152691e-07 -5.292566e-06 1.302421e-06 3.565107e-10 1.950612e-11 3.809780e-10 6.280954e-11 -8.507984e-14 -4.722443e-14 -6.216405e-14 1.811341e-14 -1.057257e-13 -4.802068e-17 -3.853200e-17 4.503270e-17 2.977154e-17 -3.602046e-17 -5.959611e-17 1.675043e-02 9.860061e-01 2.800335e-06 -1.176665e-06 -2.534037e-06 2.312831e-11 2.883125e-10 9.474180e-11 2.739121e-10 1.272676e-15 2.582541e-14 8.130059e-15 3.398267e-14 -1.937073e-14 -1.644262e-17 3.076610e-17 -4.914970e-18 1.075066e-17 -4.369245e-17 1.616136e-17 1.017072e+00 1.605920e-02 -2.653102e-07 5.385399e-06 -1.272437e-06 -3.842272e-10 -1.051708e-11 -3.471083e-10 -7.934171e-11 8.898020e-14 4.626811e-14 6.981888e-14 -3.118185e-14 1.104450e-13 5.083472e-17 4.897240e-17 -4.124320e-17 -3.605856e-17 3.121042e-17 6.520415e-17 -1.727822e-02 1.013920e+00 -2.880905e-06 1.110212e-06 2.565965e-06 -2.677406e-11 -3.413548e-10 -7.726694e-11 -2.724721e-10 3.206179e-15 -2.669147e-14 -8.972086e-15 -3.873848e-14 1.753365e-14 1.854474e-17 -3.058116e-17 2.440370e-18 -1.454625e-17 4.658006e-17 -1.458640e-17
 0.000000 0.000000 1.000000 0.000000 0.000000 1.024000e+03 1.024000e+03 8.833792e+03 1.177834e+03 9.958116e-01 -2.455002e-02 1.896732e-07 -6.760426e-06 1.274022e-06 4.470446e-10 -3.436577e-12 3.729224e-10 -2.127418e-11 -2.758133e-15 -2.344469e-14 -5.577126e-14 3.886649e-15 -5.426740e-14 -9.328201e-17 5.533237e-18 5.845166e-18 5.721786e-18 5.365587e-17 -2.713486e-18 2.331118e-02 1.001563e+00 2.046285e-06 -1.066148e-06 -4.745348e-06 -1.659375e-11 3.616449e-10 -2.087468e-11 3.759291e-10 1.699688e-14 -2.334468e-14 -1.600313e-14 -4.762373e-15 7.713648e-16 1.386950e-17 -2.231419e-17 2.046317e-17 7.096474e-17 1.427996e-17 -3.616649e-17 1.003630e+00 2.460065e-02 -2.971783e-07 6.769075e-06 -1.214616e-06 -4.641424e-10 1.930479e-12 -2.970839e-10 1.529051e-12 2.721128e-15 1.200315e-14 5.871912e-14 -1.831407e-14 5.485373e-14 9.465862e-17 5.713482e-18 -3.908998e-18 1.724069e-18 -5.289093e-17 1.806509e-18 -2.335929e-02 9.978676e-01 -2.095072e-06 9.056643e-07 4.731897e-06 1.413140e-11 -4.130340e-10 4.466195e-11 -3.322304e-10 -1.504897e-14 1.984389e-14 1.022951e-14 4.374627e-15 -6.875599e-15 -1.249341e-17 2.190727e-17 -1.297148e-17 -6.836955e-17 -2.334956e-17 3.709376e-17
 0.048541 -0.308754 1.000000 0.000000 -0.027638 1.024000e+03 1.024000e+03 6.632718e+03 3.325279e+03 9.872245e-01 -1.822838e-03 -1.935350e-06 -5.312334e-06 5.556265e-07 3.600513e-10 6.280669e-12 4.255793e-10 -1.708806e-11 -6.644862e-14 8.129506e-16 -9.677485e-14 9.440512e-15 -8.811916e-14 -4.014113e-17 5.590750e-18 2.775268e-17 1.700759e-17 -3.473723e-17 -5.334538e-18 2.466537e-03 9.900371e-01 2.838645e-06 -2.507800e-06 -2.590844e-06 1.222190e-11 4.276258e-10 -5.442918e-11 4.133746e-10 -4.533563e-14 -1.020066e-14 8.307468e-15 -1.966340e-14 2.989207e-14 -2.129323e-17 -1.257427e-17 -1.296964e-17 -9.892972e-17 2.828775e-17 -4.032100e-17 1.012936e+00 1.864998e-03 1.952229e-06 5.370670e-06 -5.543178e-07 -3.774513e-10 4.270097e-11 -3.965028e-10 1.149794e-11 6.577971e-14 -7.400410e-15 9.597786e-14 -1.813235e-14 9.115272e-14 4.371627e-17 -4.149387e-18 -2.690095e-17 -1.750853e-17 3.715675e-17 6.939451e-18 -2.523586e-03 1.010058e+00 -2.884831e-06 2.528752e-06 2.619407e-06 -3.092722e-11 -4.735212e-10 9.274866e-11 -4.088131e-10 5.033183e-14 7.500711e-15 -9.311039e-15 1.811637e-14 -3.425137e-14 2.259817e-17 1.526569e-17 1.203854e-17 1.049360e-16 -3.020308e-17 4.170035e-17
 0.000000 0.000000 1.000000 0.000000 0.000000 1.024000e+03 1.024000e+03 6.646748e+03 1.149808e+03 1.000346e+00 -3.867984e-03 -1.914007e-06 -6.810164e-06 5.644885e-07 3.502107e-10 4.993226e-11 3.526545e-10 3.019505e-11 -1.401583e-13 -1.516390e-14 -1.073796e-13 3.529020e-15 -1.108955e-13 -3.211402e-17 -2.427148e-18 2.922868e-17 -1.261733e-17 2.018998e-17 -2.566715e-17 8.198217e-03 1.006024e+00 2.031806e-06 -2.612527e-06 -4.734955e-06 1.187132e-11 4.093367e-10 9.650623e-11 3.195356e-10 2.764761e-14 1.697892e-14 9.067924e-15 3.319197e-14 -5.240980e-14 -1.382616e-17 -8.608964e-17 -3.557130e-17 -2.221385e-17 -5.196224e-17 3.510451e-17 9.996224e-01 3.843360e-03 1.865770e-06 6.782682e-06 -5.502508e-07 -3.566496e-10 1.139855e-11 -2.748508e-10 -3.865541e-11 1.366905e-13 6.477934e-15 1.025654e-13 -1.655709e-14 1.088421e-13 3.382128e-17 7.437809e-18 -2.693312e-17 1.434272e-17 -1.884737e-17 2.767642e-17 -8.146085e-03 9.939809e-01 -2.049575e-06 2.572805e-06 4.711986e-06 -2.426648e-11 -4.432808e-10 -3.773334e-11 -2.731671e-10 -2.322016e-14 -1.928993e-14 -1.120583e-14 -3.730548e-14 4.381785e-14 1.258443e-17 8.483271e-17 3.476158e-17 2.040973e-17 5.120319e-17 -3.191860e-17
 0.000000 0.000000 1.000000 0.000000 0.000000 1.024000e+03 1.024000e+03 8.794790e+03 3.364011e+03 9.829506e-01 -1.556900e-02 2.152695e-07 -5.292558e-06 1.302439e-06 3.551728e-10 1.951059e-11 3.803522e-10 6.273376e-11 -8.508652e-14 -4.722560e-14 -6.215204e-14 1.810844e-14 -1.057503e-13 -4.724108e-17 -3.856376e-17 4.550917e-17 2.981296e-17 -3.579590e-17 -5.955343e-17 1.675081e-02 9.860075e-01 2.800321e-06 -1.176661e-06 -2.534018e-06 2.299129e-11 2.867201e-10 9.463162e-11 2.703635e-10 1.278352e-15 2.582003e-14 8.138399e-15 3.398555e-14 -1.938980e-14 -1.636938e-17 3.132539e-17 -4.837448e-18 1.198351e-17 -4.364325e-17 1.823864e-17 1.017072e+00 1.605952e-02 -2.653111e-07 5.385413e-06 -1.272433e-06 -3.825538e-10 -1.050970e-11 -3.464118e-10 -7.941795e-11 8.897892e-14 4.625357e-14 6.982311e-14 -3.118674e-14 1.104392e-13 4.979741e-17 4.892782e-17 -4.180555e-17 -3.602966e-17 3.096017e-17 6.525294e-17 -1.727854e-02 1.013918e+00 -2.880910e-06 1.110214e-06 2.565978e-06 -2.670791e-11 -3.397121e-10 -7.735756e-11 -2.687289e-10 3.206770e-15 -2.668788e-14 -8.977082e-15 -3.874614e-14 1.752206e-14 1.849393e-17 -3.118987e-17 2.448718e-18 -1.584678e-17 4.670305e-17 -1.687426e-17
 0.000000 0.000000 1.000000 0.000000 0.000000 1.024000e+03 1.024000e+03 8.823997e+03 1.195519e+03 9.958113e-01 -2.455022e-02 1.896728e-07 -6.760421e-06 1.274034e-06 4.476481e-10 -3.499477e-12 3.731654e-10 -2.138763e-11 -2.760608e-15 -2.344762e-14 -5.576728e-14 3.880249e-15 -5.428199e-14 -9.364837e-17 5.573666e-18 5.643718e-18 5.751455e-18 5.357341e-17 -2.633317e-18 2.331149e-02 1.001562e+00 2.046280e-06 -1.066138e-06 -4.745365e-06 -1.667652e-11 3.629922e-10 -2.086459e-11 3.789873e-10 1.700775e-14 -2.335507e-14 -1.600806e-14 -4.766361e-15 7.866544e-16 1.392602e-17 -2.279909e-17 2.047647e-17 6.993232e-17 1.425949e-17 -3.798935e-17 1.003630e+00 2.460093e-02 -2.971784e-07 6.769071e-06 -1.214616e-06 -4.646119e-10 1.889836e-12 -2.972783e-10 1.532938e-12 2.720664e-15 1.200501e-14 5.871754e-14 -1.831082e-14 5.485491e-14 9.494302e-17 5.752257e-18 -3.760939e-18 1.733635e-18 -5.281759e-17 1.800335e-18 -2.335960e-02 9.978675e-01 -2.095071e-06 9.056571e-07 4.731905e-06 1.416170e-11 -4.129734e-10 4.464622e-11 -3.320725e-10 -1.505237e-14 1.984961e-14 1.023013e-14 4.376631e-15 -6.885490e-15 -1.251580e-17 2.188728e-17 -1.297546e-17 -6.841956e-17 -2.333037e-17 3.700213e-17
 -0.117061 0.107857 1.000000 0.000000 0.005611 1.024000e+03 1.024000e+03 6.622922e+03 3.342963e+03 9.872244e-01 -1.823111e-03 -1.935356e-06 -5.312334e-06 5.556369e-07 3.604103e-10 6.257700e-12 4.257234e-10 -1.709369e-11 -6.644326e-14 8.116202e-16 -9.677859e-14 9.441786e-15 -8.812867e-14 -4.036222e-17 5.605331e-18 2.764818e-17 1.701715e-17 -3.479081e-17 -5.335796e-18 2.466795e-03 9.900371e-01 2.838647e-06 -2.507804e-06 -2.590837e-06 1.222934e-11 4.275947e-10 -5.445614e-11 4.132844e-10 -4.534033e-14 -1.019262e-14 8.310478e-15 -1.966555e-14 2.988330e-14 -2.129759e-17 -1.255683e-17 -1.297165e-17 -9.891287e-17 2.831642e-17 -4.025770e-17 1.012936e+00 1.865286e-03 1.952232e-06 5.370670e-06 -5.543220e-07 -3.774990e-10 4.272101e-11 -3.965315e-10 1.147859e-11 6.577538e-14 -7.397935e-15 9.598064e-14 -1.813484e-14 9.115737e-14 4.374519e-17 -4.163328e-18 -2.688804e-17 -1.751579e-17 3.717228e-17 6.956111e-18 -2.523850e-03 1.010058e+00 -2.884834e-06 2.528755e-06 2.619409e-06 -3.092876e-11 -4.732959e-10 9.275689e-11 -4.082851e-10 5.033463e-14 7.495852e-15 -9.312027e-15 1.811580e-14 -3.425269e-14 2.259985e-17 1.518137e-17 1.203721e-17 1.047599e-16 -3.020970e-17 4.137425e-17
 0.000000 0.000000 1.000000 0.000000 0.000000 1.024000e+03 1.024000e+03 6.636952e+03 1.167493e+03 1.000347e+00 -3.868242e-03 -1.914016e-06 -6.810154e-06 5.645067e-07 3.493889e-10 4.988579e-11 3.523192e-10 3.018437e-11 -1.401508e-13 -1.516946e-14 -1.073832e-13 3.524649e-15 -1.109123e-13 -3.161706e-17 -2.388261e-18 2.948658e-17 -1.260582e-17 2.030837e-17 -2.566165e-17 8.198476e-03 1.006023e+00 2.031801e-06 -2.612546e-06 -4.734963e-06 1.192731e-11 4.101223e-10 9.651574e-11 3.213621e-10 2.765583e-14 1.698843e-14 9.067810e-15 3.320404e-14 -5.240354e-14 -1.386743e-17 -8.637362e-17 -3.555661e-17 -2.281511e-17 -5.198169e-17 3.402483e-17 9.996220e-01 3.843592e-03 1.865778e-06 6.782691e-06 -5.502671e-07 -3.557048e-10 1.144726e-11 -2.744414e-10 -3.855590e-11 1.366844e-13 6.468013e-15 1.025638e-13 -1.656056e-14 1.088585e-13 3.325461e-17 7.418454e-18 -2.722863e-17 1.430448e-17 -1.900260e-17 2.761514e-17 -8.146338e-03 9.939812e-01 -2.049566e-06 2.572810e-06 4.711982e-06 -2.432086e-11 -4.436498e-10 -3.772279e-11 -2.739804e-10 -2.322933e-14 -1.929773e-14 -1.120386e-14 -3.730567e-14 4.382085e-14 1.262209e-17 8.497654e-17 3.476356e-17 2.067446e-17 5.118715e-17 -3.143885e-17
 0.000000 0.000000 1.000000 0.000000 0.000000 1.024000e+03 1.024000e+03 8.790839e+03 3.350274e+03 9.829498e-01 -1.556949e-02 2.152491e-07 -5.292572e-06 1.302451e-06 3.573141e-10 1.950870e-11 3.813097e-10 6.290250e-11 -8.506071e-14 -4.722767e-14 -6.216848e-14 1.812232e-14 -1.057541e-13 -4.851567e-17 -3.853254e-17 4.479592e-17 2.976819e-17 -3.615271e-17 -5.966915e-17 1.675120e-02 9.860073e-01 2.800313e-06 -1.176653e-06 -2.534035e-06 2.306299e-11 2.869777e-10 9.471872e-11 2.709532e-10 1.293585e-15 2.581894e-14 8.129469e-15 3.397543e-14 -1.936738e-14 -1.639476e-17 3.128303e-17 -4.905528e-18 1.172087e-17 -4.367845e-17 1.792809e-17 1.017072e+00 1.605998e-02 -2.653066e-07 5.385400e-06 -1.272432e-06 -3.841588e-10 -1.053577e-11 -3.470774e-10 -7.939113e-11 8.897319e-14 4.627242e-14 6.982206e-14 -3.118591e-14 1.104403e-13 5.079333e-17 4.897568e-17 -4.127268e-17 -3.604217e-17 3.120041e-17 6.523697e-17 -1.727900e-02 1.013919e+00 -2.880909e-06 1.110203e-06 2.565977e-06 -2.674307e-11 -3.402767e-10 -7.732755e-11 -2.700098e-10 3.205910e-15 -2.668574e-14 -8.975441e-15 -3.873572e-14 1.752259e-14 1.851962e-17 -3.098158e-17 2.446271e-18 -1.539836e-17 4.666130e-17 -1.609398e-17
 0.000000 0.000000 1.000000 0.000000 0.000000 1.024000e+03 1.024000e+03 8.820047e+03 1.181781e+03 9.958118e-01 -2.455068e-02 1.896722e-07 -6.760417e-06 1.274033e-06 4.463399e-10 -3.527491e-12 3.726338e-10 -2.137463e-11 -2.758885e-15 -2.345143e-14 -5.577113e-14 3.883675e-15 -5.427964e-14 -9.284987e-17 5.588353e-18 6.044155e-18 5.763498e-18 5.376998e-17 -2.641345e-18 2.331196e-02 1.001562e+00 2.046276e-06 -1.066146e-06 -4.745355e-06 -1.660576e-11 3.630119e-10 -2.085737e-11 3.790128e-10 1.701079e-14 -2.334985e-14 -1.600410e-14 -4.762224e-15 7.746328e-16 1.387743e-17 -2.281396e-17 2.046841e-17 6.992802e-17 1.426188e-17 -3.800021e-17 1.003631e+00 2.460139e-02 -2.971802e-07 6.769055e-06 -1.214610e-06 -4.656046e-10 1.870643e-12 -2.977297e-10 1.558014e-12 2.718121e-15 1.202242e-14 5.872280e-14 -1.830599e-14 5.484706e-14 9.553057e-17 5.794247e-18 -3.413431e-18 1.724834e-18 -5.265339e-17 1.777792e-18 -2.336008e-02 9.978675e-01 -2.095067e-06 9.056640e-07 4.731897e-06 1.412884e-11 -4.130224e-10 4.464950e-11 -3.321512e-10 -1.505440e-14 1.984448e-14 1.022539e-14 4.368057e-15 -6.875700e-15 -1.249189e-17 2.191399e-17 -1.297169e-17 -6.839331e-17 -2.333848e-17 3.704392e-17
 -0.052786 0.005585 1.000000 0.000000 -0.009155 1.024000e+03 1.024000e+03 6.618971e+03 3.329224e+03 9.872243e-01 -1.823563e-03 -1.935354e-06 -5.312334e-06 5.556363e-07 3.604262e-10 6.258790e-12 4.257215e-10 -1.709929e-11 -6.644599e-14 8.117694e-16 -9.677767e-14 9.440742e-15 -8.812854e-14 -4.037526e-17 5.606702e-18 2.765097e-17 1.701446e-17 -3.479123e-17 -5.328818e-18 2.467302e-03 9.900374e-01 2.838646e-06 -2.507808e-06 -2.590842e-06 1.225507e-11 4.272939e-10 -5.443903e-11 4.126198e-10 -4.533826e-14 -1.019053e-14 8.305705e-15 -1.966206e-14 2.989062e-14 -2.131381e-17 -1.245057e-17 -1.298574e-17 -9.868048e-17 2.830963e-17 -3.986741e-17 1.012936e+00 1.865749e-03 1.952229e-06 5.370668e-06 -5.543203e-07 -3.776662e-10 4.271744e-11 -3.965940e-10 1.147794e-11 6.577874e-14 -7.397825e-15 9.597860e-14 -1.813086e-14 9.115783e-14 4.385067e-17 -4.161876e-18 -2.683640e-17 -1.751284e-17 3.719360e-17 6.955605e-18 -2.524373e-03 1.010058e+00 -2.884836e-06 2.528756e-06 2.619410e-06 -3.094482e-11 -4.733171e-10 9.274682e-11 -4.083779e-10 5.033512e-14 7.491878e-15 -9.309180e-15 1.811466e-14 -3.425313e-14 2.260945e-17 1.519128e-17 1.204811e-17 1.047722e-16 -3.020796e-17 4.143872e-17
 0.000000 0.000000 1.000000 0.000000 0.000000 1.024000e+03 1.024000e+03 6.633003e+03 1.153754e+03 1.000347e+00 -3.868714e-03 -1.914009e-06 -6.810164e-06 5.644954e-07 3.492465e-10 4.990296e-11 3.522100e-10 3.022016e-11 -1.401559e-13 -1.516112e-14 -1.073867e-13 3.530398e-15 -1.108995e-13 -3.154517e-17 -2.418431e-18 2.956582e-17 -1.259307e-17 2.035130e-17 -2.569421e-17 8.198967e-03 1.006024e+00 2.031804e-06 -2.612546e-06 -4.734967e-06 1.192288e-11 4.096642e-10 9.659542e-11 3.202489e-10 2.765268e-14 1.699496e-14 9.068735e-15 3.320099e-14 -5.239797e-14 -1.385001e-17 -8.621075e-17 -3.562153e-17 -2.246529e-17 -5.201402e-17 3.468921e-17 9.996220e-01 3.844077e-03 1.865773e-06 6.782695e-06 -5.502675e-07 -3.557051e-10 1.140108e-11 -2.744253e-10 -3.861754e-11 1.366868e-13 6.467623e-15 1.025636e-13 -1.656338e-14 1.088606e-13 3.326185e-17 7.445244e-18 -2.724315e-17 1.432980e-17 -1.900810e-17 2.765385e-17 -8.146842e-03 9.939814e-01 -2.049573e-06 2.572810e-06 4.711983e-06 -2.428858e-11 -4.438726e-10 -3.774597e-11 -2.745114e-10 -2.322277e-14 -1.930618e-14 -1.120503e-14 -3.730282e-14 4.382177e-14 1.259613e-17 8.505747e-17 3.477394e-17 2.083926e-17 5.119938e-17 -3.112048e-17
Aperture corrections
  -0.000000
  -0.000000
  0.172636
  -0.000000
  -0.000000
  -0.000000
  0.056401
  -0.000000
  -0.000000
  -0.000000
  -0.000000
  -0.000000
  -0.000000
  -0.000000
  -0.025763
  -0.000000
  -0.000000
  -0.000000
  0.150310
  -0.000000
  -0.000000
  -0.000000
  0.150532
  -0.000000
  -0.000000
  -0.000000
  0.045351
  -0.000000
  -0.000000
  -0.000000
  0.322315
  -0.000000

